       TWT             Trace      
       ms       
   2427.00000000 -121028.82031250 
   2428.00000000 -137371.20312500 
   2429.00000000 -149769.45312500 
   2430.00000000 -154849.98437500 
   2431.00000000 -148868.85937500 
   2432.00000000 -133092.84375000 
   2433.00000000 -113234.47656250 
   2434.00000000  -92801.30468750 
   2435.00000000  -70306.78125000 
   2436.00000000  -43474.36718750 
   2437.00000000  -14454.99707031 
   2438.00000000   12359.15429688 
   2439.00000000   34831.30468750 
   2440.00000000   52107.40234375 
   2441.00000000   61080.62109375 
   2442.00000000   58217.43359375 
   2443.00000000   46515.64453125 
   2444.00000000   35293.60156250 
   2445.00000000   32229.70507813 
   2446.00000000   36435.25390625 
   2447.00000000   41944.98046875 
   2448.00000000   45695.52343750 
   2449.00000000   49028.78515625 
   2450.00000000   52457.75000000 
   2451.00000000   53392.99218750 
   2452.00000000   50411.73828125 
   2453.00000000   45358.91406250 
   2454.00000000   40638.81250000 
   2455.00000000   35225.76171875 
   2456.00000000   25700.53320313 
   2457.00000000   11634.43457031 
   2458.00000000   -2942.94677734 
   2459.00000000  -14023.19140625 
   2460.00000000  -22610.52539063 
   2461.00000000  -31688.60742188 
   2462.00000000  -40873.12109375 
   2463.00000000  -47142.03906250 
   2464.00000000  -48180.73828125 
   2465.00000000  -45961.94140625 
   2466.00000000  -43773.44531250 
   2467.00000000  -40227.51953125 
   2468.00000000  -31916.87890625 
   2469.00000000  -20489.54882813 
   2470.00000000  -10667.64160156 
   2471.00000000   -4122.93310547 
   2472.00000000     909.44628906 
   2473.00000000    5134.88330078 
   2474.00000000    9764.86523438 
   2475.00000000   14814.33398438 
   2476.00000000   19863.23242188 
   2477.00000000   26161.25781250 
   2478.00000000   36229.81250000 
   2479.00000000   50210.71484375 
   2480.00000000   65269.61718750 
   2481.00000000   78301.90625000 
   2482.00000000   88480.92968750 
   2483.00000000   97643.93750000 
   2484.00000000  106021.24218750 
   2485.00000000  110382.53906250 
   2486.00000000  106832.49218750 
   2487.00000000   96914.00781250 
   2488.00000000   85723.22656250 
   2489.00000000   72650.89062500 
   2490.00000000   52959.56250000 
   2491.00000000   25592.34375000 
   2492.00000000   -3001.71777344 
   2493.00000000  -26415.72460938 
   2494.00000000  -45830.02343750 
   2495.00000000  -68222.03906250 
   2496.00000000  -93874.30468750 
   2497.00000000 -115652.26562500 
   2498.00000000 -128810.75781250 
   2499.00000000 -135318.04687500 
   2500.00000000 -138474.14062500 
   2501.00000000 -135919.29687500 
   2502.00000000 -123345.36718750 
   2503.00000000 -101746.64843750 
   2504.00000000  -76576.50781250 
   2505.00000000  -51732.71484375 
   2506.00000000  -26353.40234375 
   2507.00000000    1140.11022949 
   2508.00000000   26960.10546875 
   2509.00000000   45826.76562500 
   2510.00000000   56611.96875000 
   2511.00000000   61929.33593750 
   2512.00000000   64366.66796875 
   2513.00000000   63089.96875000 
   2514.00000000   55544.58203125 
   2515.00000000   41732.71875000 
   2516.00000000   23256.81640625 
   2517.00000000    2647.07714844 
   2518.00000000  -14727.60742188 
   2519.00000000  -22588.93359375 
   2520.00000000  -18313.38671875 
   2521.00000000   -5514.77197266 
   2522.00000000   10308.78515625 
   2523.00000000   29182.52343750 
   2524.00000000   55589.22265625 
   2525.00000000   89526.02343750 
   2526.00000000  123853.21093750 
   2527.00000000  152096.40625000 
   2528.00000000  173012.34375000 
   2529.00000000  185710.45312500 
   2530.00000000  184483.45312500 
   2531.00000000  165198.15625000 
   2532.00000000  135616.59375000 
   2533.00000000  111480.32812500 
   2534.00000000   99178.83593750 
   2535.00000000   90060.85937500 
   2536.00000000   74874.64062500 
   2537.00000000   56055.89453125 
   2538.00000000   42425.19531250 
   2539.00000000   35638.55468750 
   2540.00000000   28749.44531250 
   2541.00000000   17115.95898438 
   2542.00000000    3612.23974609 
   2543.00000000   -8591.30175781 
   2544.00000000  -22819.73046875 
   2545.00000000  -43679.29296875 
   2546.00000000  -68972.49218750 
   2547.00000000  -91959.50781250 
   2548.00000000 -110089.88281250 
   2549.00000000 -127231.82812500 
   2550.00000000 -147530.43750000 
   2551.00000000 -168047.85937500 
   2552.00000000 -180013.03125000 
   2553.00000000 -176735.21875000 
   2554.00000000 -157884.81250000 
   2555.00000000 -127508.75781250 
   2556.00000000  -89790.46875000 
   2557.00000000  -47635.89843750 
   2558.00000000   -3763.13159180 
   2559.00000000   38483.35156250 
   2560.00000000   76035.54687500 
   2561.00000000  107282.28906250 
   2562.00000000  129903.67187500 
   2563.00000000  140521.17187500 
   2564.00000000  137752.04687500 
   2565.00000000  123854.15625000 
   2566.00000000  103131.63281250 
   2567.00000000   79454.21875000 
   2568.00000000   55565.05468750 
   2569.00000000   33722.05468750 
   2570.00000000   14834.57128906 
   2571.00000000   -2268.63818359 
   2572.00000000  -19270.30273438 
   2573.00000000  -34709.04296875 
   2574.00000000  -45297.35937500 
   2575.00000000  -49759.43750000 
   2576.00000000  -50224.47265625 
   2577.00000000  -48811.80468750 
   2578.00000000  -44997.60937500 
   2579.00000000  -37842.86718750 
   2580.00000000  -29240.23632813 
   2581.00000000  -22545.17578125 
   2582.00000000  -17976.30664063 
   2583.00000000  -13482.50195313 
   2584.00000000   -8524.45019531 
   2585.00000000   -4654.23974609 
   2586.00000000   -2767.59326172 
   2587.00000000   -1466.03491211 
   2588.00000000     708.20123291 
   2589.00000000    3757.01196289 
   2590.00000000    6422.37060547 
   2591.00000000    8269.54980469 
   2592.00000000   10124.28125000 
   2593.00000000   11470.41308594 
   2594.00000000   12033.44140625 
   2595.00000000   12373.60839844 
   2596.00000000   11602.33593750 
   2597.00000000    8131.34179688 
   2598.00000000    1896.20043945 
   2599.00000000   -6425.72460938 
   2600.00000000  -15439.95898438 
   2601.00000000  -22736.02929688 
   2602.00000000  -25845.31250000 
   2603.00000000  -25067.38281250 
   2604.00000000  -19448.17578125 
   2605.00000000   -8643.97265625 
   2606.00000000    3960.90136719 
   2607.00000000   14015.87011719 
   2608.00000000   21323.38281250 
   2609.00000000   28136.49609375 
   2610.00000000   34754.63281250 
   2611.00000000   39266.57812500 
   2612.00000000   40288.23437500 
   2613.00000000   39233.14843750 
   2614.00000000   37237.21093750 
   2615.00000000   32837.36328125 
   2616.00000000   22651.38085938 
   2617.00000000    6367.52929688 
   2618.00000000  -11012.65136719 
   2619.00000000  -25710.16601563 
   2620.00000000  -36685.73437500 
   2621.00000000  -42983.51562500 
   2622.00000000  -41481.42187500 
   2623.00000000  -29780.58984375 
   2624.00000000   -8532.80859375 
   2625.00000000   16826.46484375 
   2626.00000000   41511.69140625 
   2627.00000000   63164.66015625 
   2628.00000000   79472.26562500 
   2629.00000000   88818.72656250 
   2630.00000000   90680.12500000 
   2631.00000000   87116.00000000 
   2632.00000000   80733.76562500 
   2633.00000000   71890.84375000 
   2634.00000000   60270.78906250 
   2635.00000000   46147.94921875 
   2636.00000000   30356.30078125 
   2637.00000000   14132.97753906 
   2638.00000000    -948.58087158 
   2639.00000000  -13653.76757813 
   2640.00000000  -23148.51757813 
   2641.00000000  -28949.99023438 
   2642.00000000  -31474.48632813 
   2643.00000000  -31245.99609375 
   2644.00000000  -28576.77734375 
   2645.00000000  -24292.10156250 
   2646.00000000  -19592.58984375 
   2647.00000000  -15743.76562500 
   2648.00000000  -13001.80468750 
   2649.00000000  -11175.20703125 
   2650.00000000  -10441.87402344 
   2651.00000000  -10328.88085938 
   2652.00000000  -10366.37597656 
   2653.00000000  -10238.53613281 
   2654.00000000   -9538.58398438 
   2655.00000000   -8089.73632813 
   2656.00000000   -6126.02685547 
   2657.00000000   -3774.53613281 
   2658.00000000   -1334.87902832 
   2659.00000000     687.80676270 
   2660.00000000    1998.98693848 
   2661.00000000    2584.44091797 
   2662.00000000    2563.95898438 
   2663.00000000    2050.52758789 
   2664.00000000    1134.91992188 
   2665.00000000      60.45566940 
   2666.00000000    -802.52642822 
   2667.00000000   -1304.35083008 
   2668.00000000   -1447.32141113 
   2669.00000000   -1087.17053223 
   2670.00000000    -294.44326782 
   2671.00000000     537.36688232 
   2672.00000000    1222.65270996 
   2673.00000000    1721.61560059 
   2674.00000000    1925.31506348 
   2675.00000000    1810.60595703 
   2676.00000000    1473.92993164 
   2677.00000000     851.10046387 
   2678.00000000      22.08064079 
   2679.00000000    -461.93389893 
   2680.00000000    -520.91510010 
   2681.00000000    -348.96313477 
   2682.00000000      32.15126419 
   2683.00000000     534.34826660 
   2684.00000000    1033.09252930 
   2685.00000000    1559.95532227 
   2686.00000000    2012.95544434 
   2687.00000000    1977.24951172 
   2688.00000000    1443.89624023 
   2689.00000000     697.53399658 
   2690.00000000    -144.31338501 
   2691.00000000    -863.54083252 
   2692.00000000   -1484.45959473 
   2693.00000000   -2087.81274414 
   2694.00000000   -2452.01098633 
   2695.00000000   -1974.36096191 
   2696.00000000    -829.68292236 
   2697.00000000     452.17175293 
   2698.00000000    1897.88354492 
   2699.00000000    4088.52368164 
   2700.00000000    7056.34472656 
   2701.00000000    9775.67773438 
   2702.00000000   11272.65917969 
   2703.00000000   11656.94824219 
   2704.00000000   11689.98925781 
   2705.00000000   11397.92187500 
   2706.00000000    9787.53710938 
   2707.00000000    6497.08496094 
   2708.00000000    2327.28149414 
   2709.00000000   -2083.52563477 
   2710.00000000   -7435.76367188 
   2711.00000000  -14506.57226563 
   2712.00000000  -22286.58007813 
   2713.00000000  -28763.50195313 
   2714.00000000  -32996.83203125 
   2715.00000000  -35693.76562500 
   2716.00000000  -37619.44921875 
   2717.00000000  -38434.00781250 
   2718.00000000  -37738.20703125 
   2719.00000000  -36059.44921875 
   2720.00000000  -34122.69921875 
   2721.00000000  -31712.71484375 
   2722.00000000  -27839.88085938 
   2723.00000000  -22103.02343750 
   2724.00000000  -15046.48535156 
   2725.00000000   -7311.29394531 
   2726.00000000     863.62774658 
   2727.00000000    9167.23632813 
   2728.00000000   16968.33398438 
   2729.00000000   24053.71289063 
   2730.00000000   30803.04687500 
   2731.00000000   37345.16406250 
   2732.00000000   43245.23437500 
   2733.00000000   47812.43359375 
   2734.00000000   50597.44531250 
   2735.00000000   51286.82812500 
   2736.00000000   49208.05859375 
   2737.00000000   44010.35156250 
   2738.00000000   36456.82421875 
   2739.00000000   28211.16601563 
   2740.00000000   20457.19140625 
   2741.00000000   13295.37304688 
   2742.00000000    6663.78369141 
   2743.00000000     905.08154297 
   2744.00000000   -3706.58349609 
   2745.00000000   -7291.91064453 
   2746.00000000   -9886.31542969 
   2747.00000000  -10911.66503906 
   2748.00000000   -9951.29394531 
   2749.00000000   -7337.74218750 
   2750.00000000   -3825.96923828 
   2751.00000000       5.85146809 
   2752.00000000    4072.30761719 
   2753.00000000    7872.60205078 
   2754.00000000    9902.94140625 
   2755.00000000    8745.87695313 
   2756.00000000    4092.34936523 
   2757.00000000   -3377.08276367 
   2758.00000000  -12984.88378906 
   2759.00000000  -24392.53320313 
   2760.00000000  -37006.25781250 
   2761.00000000  -49635.19921875 
   2762.00000000  -60945.96875000 
   2763.00000000  -70207.69531250 
   2764.00000000  -76879.32031250 
   2765.00000000  -79963.71875000 
   2766.00000000  -77975.38281250 
   2767.00000000  -70491.42187500 
   2768.00000000  -58547.96093750 
   2769.00000000  -43786.49218750 
   2770.00000000  -27265.43750000 
   2771.00000000   -8857.87304688 
   2772.00000000   11443.89941406 
   2773.00000000   32075.95898438 
   2774.00000000   50631.48046875 
   2775.00000000   65070.48437500 
   2776.00000000   74189.07031250 
   2777.00000000   77446.32812500 
   2778.00000000   74903.03125000 
   2779.00000000   67733.03125000 
   2780.00000000   57596.15625000 
   2781.00000000   45930.26171875 
   2782.00000000   33483.83984375 
   2783.00000000   20574.67968750 
   2784.00000000    7774.41162109 
   2785.00000000   -3838.30175781 
   2786.00000000  -13554.43750000 
   2787.00000000  -20934.46679688 
   2788.00000000  -25550.05859375 
   2789.00000000  -27545.58984375 
   2790.00000000  -27747.96093750 
   2791.00000000  -26690.51562500 
   2792.00000000  -24493.46875000 
   2793.00000000  -21227.81835938 
   2794.00000000  -16979.68164063 
   2795.00000000  -12507.90527344 
   2796.00000000   -8519.45605469 
   2797.00000000   -5033.63037109 
   2798.00000000   -2048.48608398 
   2799.00000000     437.87689209 
   2800.00000000    2070.62255859 
   2801.00000000    2733.43457031 
   2802.00000000    2871.03857422 
   2803.00000000    2664.93652344 
   2804.00000000    1623.41137695 
   2805.00000000    -354.23825073 
   2806.00000000   -2796.15063477 
   2807.00000000   -4676.79199219 
   2808.00000000   -5507.66699219 
   2809.00000000   -5601.40576172 
   2810.00000000   -5307.24121094 
   2811.00000000   -4793.23437500 
   2812.00000000   -3914.91064453 
   2813.00000000   -2653.35473633 
   2814.00000000   -1432.46875000 
   2815.00000000    -333.97967529 
   2816.00000000     920.28918457 
   2817.00000000    2576.39404297 
   2818.00000000    4519.41601563 
   2819.00000000    6146.53515625 
   2820.00000000    6880.57031250 
   2821.00000000    6280.17871094 
   2822.00000000    4080.49682617 
   2823.00000000     310.51498413 
   2824.00000000   -4606.49755859 
   2825.00000000   -9662.14257813 
   2826.00000000  -13649.67578125 
   2827.00000000  -16302.05566406 
   2828.00000000  -17857.36328125 
   2829.00000000  -18808.29101563 
   2830.00000000  -19463.11328125 
   2831.00000000  -19691.65234375 
   2832.00000000  -19376.46289063 
   2833.00000000  -18288.31835938 
   2834.00000000  -16387.86328125 
   2835.00000000  -14061.17968750 
   2836.00000000  -11888.15722656 
   2837.00000000  -10534.09179688 
   2838.00000000  -10380.01855469 
   2839.00000000  -11020.42578125 
   2840.00000000  -11853.80761719 
   2841.00000000  -12610.70800781 
   2842.00000000  -13025.37109375 
   2843.00000000  -12984.08203125 
   2844.00000000  -12323.60937500 
   2845.00000000  -11187.75390625 
   2846.00000000   -9910.28906250 
   2847.00000000   -8474.79101563 
   2848.00000000   -6642.88671875 
   2849.00000000   -4568.64599609 
   2850.00000000   -2811.21899414 
   2851.00000000    -954.92150879 
   2852.00000000    1835.85876465 
   2853.00000000    5751.55175781 
   2854.00000000   10352.12207031 
   2855.00000000   14752.05566406 
   2856.00000000   18312.73828125 
   2857.00000000   20775.26171875 
   2858.00000000   21550.14257813 
   2859.00000000   20048.46875000 
   2860.00000000   16636.83984375 
   2861.00000000   11667.29589844 
   2862.00000000    4583.48242188 
   2863.00000000   -5241.83837891 
   2864.00000000  -16768.16796875 
   2865.00000000  -27070.30078125 
   2866.00000000  -33872.44140625 
   2867.00000000  -37224.67578125 
   2868.00000000  -38516.25000000 
   2869.00000000  -38509.58984375 
   2870.00000000  -37367.89062500 
   2871.00000000  -35685.01171875 
   2872.00000000  -33153.15234375 
   2873.00000000  -27286.08789063 
   2874.00000000  -16029.52246094 
   2875.00000000    -551.09326172 
   2876.00000000   15157.51953125 
   2877.00000000   27829.25390625 
   2878.00000000   36766.55859375 
   2879.00000000   42499.99609375 
   2880.00000000   45391.95703125 
   2881.00000000   45185.29687500 
   2882.00000000   42176.87109375 
   2883.00000000   37493.64453125 
   2884.00000000   31580.84179688 
   2885.00000000   24402.93164063 
   2886.00000000   16875.32617188 
   2887.00000000   10956.11914063 
   2888.00000000    7749.81250000 
   2889.00000000    6397.76757813 
   2890.00000000    5570.12646484 
   2891.00000000    4805.29638672 
   2892.00000000    4259.23925781 
   2893.00000000    3780.86059570 
   2894.00000000    3117.97680664 
   2895.00000000    2423.97827148 
   2896.00000000    1393.80688477 
   2897.00000000    -719.67407227 
   2898.00000000   -3996.49462891 
   2899.00000000   -7513.55371094 
   2900.00000000  -10611.03320313 
   2901.00000000  -13718.58593750 
   2902.00000000  -17361.06054688 
   2903.00000000  -20818.06640625 
   2904.00000000  -22831.33398438 
   2905.00000000  -23174.08984375 
   2906.00000000  -22626.91796875 
   2907.00000000  -21466.81640625 
   2908.00000000  -19149.94726563 
   2909.00000000  -15746.69238281 
   2910.00000000  -12613.82617188 
   2911.00000000  -10834.67480469 
   2912.00000000   -9778.98730469 
   2913.00000000   -8177.14257813 
   2914.00000000   -6494.22070313 
   2915.00000000   -6466.49511719 
   2916.00000000   -8623.79687500 
   2917.00000000  -11736.90332031 
   2918.00000000  -14035.54394531 
   2919.00000000  -14863.95605469 
   2920.00000000  -14550.62792969 
   2921.00000000  -12924.65136719 
   2922.00000000   -9780.94042969 
   2923.00000000   -5527.77392578 
   2924.00000000   -1107.48950195 
   2925.00000000    2656.48876953 
   2926.00000000    5166.43994141 
   2927.00000000    5812.73535156 
   2928.00000000    4613.64062500 
   2929.00000000    2060.35864258 
   2930.00000000   -1797.83129883 
   2931.00000000   -6672.06933594 
   2932.00000000  -11635.64062500 
   2933.00000000  -15737.71386719 
   2934.00000000  -18838.15039063 
   2935.00000000  -20807.78710938 
   2936.00000000  -21546.65820313 
   2937.00000000  -20451.63085938 
   2938.00000000  -16810.21875000 
   2939.00000000  -10636.57128906 
   2940.00000000   -2455.92089844 
   2941.00000000    6877.01660156 
   2942.00000000   16820.50976563 
   2943.00000000   27211.14257813 
   2944.00000000   37376.45312500 
   2945.00000000   46368.21875000 
   2946.00000000   53453.26562500 
   2947.00000000   58195.42578125 
   2948.00000000   60199.06250000 
   2949.00000000   59243.72656250 
   2950.00000000   55683.45312500 
   2951.00000000   49835.40625000 
   2952.00000000   42293.94140625 
   2953.00000000   33736.10156250 
   2954.00000000   24259.31835938 
   2955.00000000   13819.59472656 
   2956.00000000    3469.13696289 
   2957.00000000   -5903.36523438 
   2958.00000000  -14147.49218750 
   2959.00000000  -21621.17187500 
   2960.00000000  -28523.64062500 
   2961.00000000  -34379.48437500 
   2962.00000000  -39268.78515625 
   2963.00000000  -43452.37500000 
   2964.00000000  -46369.58203125 
   2965.00000000  -46662.79296875 
   2966.00000000  -42596.60937500 
   2967.00000000  -33729.63671875 
   2968.00000000  -21444.20507813 
   2969.00000000   -7547.25195313 
   2970.00000000    6829.35009766 
   2971.00000000   20838.76171875 
   2972.00000000   33437.96093750 
   2973.00000000   42871.41406250 
   2974.00000000   47882.31250000 
   2975.00000000   49091.65625000 
   2976.00000000   47225.08984375 
   2977.00000000   41806.48437500 
   2978.00000000   31710.54687500 
   2979.00000000   17072.06640625 
   2980.00000000     -74.28320313 
   2981.00000000  -17169.84375000 
   2982.00000000  -33167.20703125 
   2983.00000000  -48540.72656250 
   2984.00000000  -62182.64062500 
   2985.00000000  -71293.52343750 
   2986.00000000  -74722.10937500 
   2987.00000000  -74298.19531250 
   2988.00000000  -72255.56250000 
   2989.00000000  -68181.23437500 
   2990.00000000  -60030.25781250 
   2991.00000000  -48446.53515625 
   2992.00000000  -37756.93359375 
   2993.00000000  -30877.81054688 
   2994.00000000  -25799.40820313 
   2995.00000000  -19001.32421875 
   2996.00000000  -10176.41699219 
   2997.00000000   -1374.70202637 
   2998.00000000    7051.94531250 
   2999.00000000   16301.70507813 
   3000.00000000   26459.65234375 
   3001.00000000   35201.79296875 
   3002.00000000   40887.13281250 
   3003.00000000   45323.83984375 
   3004.00000000   50676.11718750 
   3005.00000000   56905.78125000 
   3006.00000000   62095.05859375 
   3007.00000000   65406.06250000 
   3008.00000000   67088.39843750 
   3009.00000000   66632.74218750 
   3010.00000000   63753.13281250 
   3011.00000000   57600.19140625 
   3012.00000000   49336.46484375 
   3013.00000000   40577.00781250 
   3014.00000000   30998.16601563 
   3015.00000000   21153.55664063 
   3016.00000000   12405.73632813 
   3017.00000000    5090.84130859 
   3018.00000000   -2550.57299805 
   3019.00000000  -12714.15234375 
   3020.00000000  -25245.35937500 
   3021.00000000  -38312.33984375 
   3022.00000000  -50833.28515625 
   3023.00000000  -62471.04687500 
   3024.00000000  -72141.77343750 
   3025.00000000  -78391.18750000 
   3026.00000000  -81768.42968750 
   3027.00000000  -84612.04687500 
   3028.00000000  -88092.00000000 
   3029.00000000  -90889.31250000 
   3030.00000000  -90912.05468750 
   3031.00000000  -87265.71093750 
   3032.00000000  -79869.21875000 
   3033.00000000  -68752.95312500 
   3034.00000000  -54993.17578125 
   3035.00000000  -41060.67187500 
   3036.00000000  -29247.24804688 
   3037.00000000  -20039.30273438 
   3038.00000000  -12610.64160156 
   3039.00000000   -6934.48632813 
   3040.00000000   -4257.60644531 
   3041.00000000   -5233.54003906 
   3042.00000000   -9093.25976563 
   3043.00000000  -14777.33300781 
   3044.00000000  -22012.43164063 
   3045.00000000  -30784.16015625 
   3046.00000000  -40121.25390625 
   3047.00000000  -48895.41406250 
   3048.00000000  -57001.38281250 
   3049.00000000  -64551.05078125 
   3050.00000000  -70499.75000000 
   3051.00000000  -72905.71875000 
   3052.00000000  -70928.63281250 
   3053.00000000  -65365.01953125 
   3054.00000000  -57316.66015625 
   3055.00000000  -48923.04687500 
   3056.00000000  -41732.27343750 
   3057.00000000  -35976.58984375 
   3058.00000000  -32939.99218750 
   3059.00000000  -30974.06054688 
   3060.00000000  -29280.31250000 
   3061.00000000  -29450.83593750 
   3062.00000000  -31965.10546875 
   3063.00000000  -36979.11328125 
   3064.00000000  -41655.01953125 
   3065.00000000  -41075.07031250 
   3066.00000000  -33842.60546875 
   3067.00000000  -21769.92382813 
   3068.00000000   -5733.02685547 
   3069.00000000   16307.37402344 
   3070.00000000   45514.75000000 
   3071.00000000   77662.74218750 
   3072.00000000  108055.35937500 
   3073.00000000  137330.53125000 
   3074.00000000  165783.25000000 
   3075.00000000  188354.95312500 
   3076.00000000  198987.62500000 
   3077.00000000  194427.53125000 
   3078.00000000  178608.81250000 
   3079.00000000  156571.73437500 
   3080.00000000  129034.47656250 
   3081.00000000   95457.06250000 
   3082.00000000   58984.87500000 
   3083.00000000   24653.55078125 
   3084.00000000   -5038.14306641 
   3085.00000000  -29422.34179688 
   3086.00000000  -48707.57031250 
   3087.00000000  -60817.93750000 
   3088.00000000  -62614.32421875 
   3089.00000000  -54713.03906250 
   3090.00000000  -40662.05468750 
   3091.00000000  -22676.94335938 
   3092.00000000   -1823.23791504 
   3093.00000000   20797.78906250 
   3094.00000000   43362.49218750 
   3095.00000000   62368.89062500 
   3096.00000000   76098.20312500 
   3097.00000000   86083.53906250 
   3098.00000000   93097.37500000 
   3099.00000000   96953.05468750 
   3100.00000000   96771.92187500 
   3101.00000000   91641.96093750 
   3102.00000000   82661.97656250 
   3103.00000000   70344.93750000 
   3104.00000000   56170.05078125 
   3105.00000000   43337.77343750 
   3106.00000000   32371.48046875 
   3107.00000000   19839.86523438 
   3108.00000000    2873.56127930 
   3109.00000000  -15019.00292969 
   3110.00000000  -29388.42773438 
   3111.00000000  -42836.82031250 
   3112.00000000  -61937.75781250 
   3113.00000000  -88822.90625000 
   3114.00000000 -119099.57812500 
   3115.00000000 -148773.25000000 
   3116.00000000 -176050.75000000 
   3117.00000000 -196481.01562500 
   3118.00000000 -202957.68750000 
   3119.00000000 -195728.07812500 
   3120.00000000 -186617.14062500 
   3121.00000000 -185676.70312500 
   3122.00000000 -186285.79687500 
   3123.00000000 -169029.73437500 
   3124.00000000 -121382.86718750 
   3125.00000000  -49072.96093750 
   3126.00000000   31015.06250000 
   3127.00000000  101733.85156250 
   3128.00000000  147820.64062500 
   3129.00000000  156539.92187500 
   3130.00000000  127294.17187500 
   3131.00000000   76478.82812500 
   3132.00000000   24672.71875000 
   3133.00000000  -22542.09375000 
   3134.00000000  -75473.54687500 
   3135.00000000 -140638.07812500 
   3136.00000000 -208593.90625000 
   3137.00000000 -263949.31250000 
   3138.00000000 -298950.71875000 
   3139.00000000 -310845.90625000 
   3140.00000000 -289918.43750000 
   3141.00000000 -224859.67187500 
   3142.00000000 -114389.50781250 
   3143.00000000   29502.02148438 
   3144.00000000  188508.70312500 
   3145.00000000  347971.25000000 
   3146.00000000  492174.53125000 
   3147.00000000  597309.75000000 
   3148.00000000  640740.37500000 
   3149.00000000  618647.06250000 
   3150.00000000  548193.93750000 
   3151.00000000  449111.06250000 
   3152.00000000  329495.43750000 
   3153.00000000  190182.51562500 
   3154.00000000   38817.28515625 
   3155.00000000 -111662.38281250 
   3156.00000000 -253813.32812500 
   3157.00000000 -382936.96875000 
   3158.00000000 -486001.00000000 
   3159.00000000 -543808.56250000 
   3160.00000000 -547807.06250000 
   3161.00000000 -508203.06250000 
   3162.00000000 -442637.75000000 
   3163.00000000 -361951.78125000 
   3164.00000000 -272215.81250000 
   3165.00000000 -182971.73437500 
   3166.00000000 -104431.99218750 
   3167.00000000  -39036.02734375 
   3168.00000000   16086.65429688 
   3169.00000000   58551.66015625 
   3170.00000000   78989.76562500 
   3171.00000000   72924.23437500 
   3172.00000000   48322.90625000 
   3173.00000000   18515.50976563 
   3174.00000000   -8103.50341797 
   3175.00000000  -29877.18945313 
   3176.00000000  -45202.54687500 
   3177.00000000  -51534.18359375 
   3178.00000000  -50682.74218750 
   3179.00000000  -47287.64062500 
   3180.00000000  -43910.95703125 
   3181.00000000  -39200.23828125 
   3182.00000000  -30140.89257813 
   3183.00000000  -17017.50390625 
   3184.00000000    -969.04431152 
   3185.00000000   16235.75683594 
   3186.00000000   32567.11132813 
   3187.00000000   48595.07812500 
   3188.00000000   63249.96484375 
   3189.00000000   75736.27343750 
   3190.00000000   84876.89843750 
   3191.00000000   88032.40625000 
   3192.00000000   85619.82031250 
   3193.00000000   78403.86718750 
   3194.00000000   66476.12500000 
   3195.00000000   51730.67187500 
   3196.00000000   37400.73828125 
   3197.00000000   26514.39843750 
   3198.00000000   19255.99023438 
   3199.00000000   13345.42187500 
   3200.00000000    7641.34472656 
   3201.00000000    2471.86352539 
   3202.00000000   -1432.05590820 
   3203.00000000   -2597.59667969 
   3204.00000000   -1305.06372070 
   3205.00000000     474.87817383 
   3206.00000000    4359.63818359 
   3207.00000000   11437.18945313 
   3208.00000000   20807.75000000 
   3209.00000000   30732.79882813 
   3210.00000000   40338.26562500 
   3211.00000000   50366.81250000 
   3212.00000000   60337.57812500 
   3213.00000000   65681.24218750 
   3214.00000000   61492.38671875 
   3215.00000000   51138.48437500 
   3216.00000000   41584.83593750 
   3217.00000000   34834.07031250 
   3218.00000000   28279.75585938 
   3219.00000000   20472.63867188 
   3220.00000000   14157.21484375 
   3221.00000000   12076.91113281 
   3222.00000000   10610.71679688 
   3223.00000000    3509.73144531 
   3224.00000000   -8875.53320313 
   3225.00000000  -21659.37109375 
   3226.00000000  -32629.18359375 
   3227.00000000  -42357.80468750 
   3228.00000000  -51144.08593750 
   3229.00000000  -56130.16406250 
   3230.00000000  -55533.56250000 
   3231.00000000  -52762.25000000 
   3232.00000000  -50120.34375000 
   3233.00000000  -46182.03906250 
   3234.00000000  -37353.86328125 
   3235.00000000  -21518.20312500 
   3236.00000000     420.27954102 
   3237.00000000   25962.72851563 
   3238.00000000   50455.73828125 
   3239.00000000   69601.06250000 
   3240.00000000   81312.92187500 
   3241.00000000   86569.28125000 
   3242.00000000   88563.50781250 
   3243.00000000   89220.73437500 
   3244.00000000   88084.88281250 
   3245.00000000   83355.26562500 
