       TWT             Trace      
       ms       
   2080.00000000  -27733.60546875 
   2084.00000000  -27275.24414063 
   2088.00000000   -1662.94006348 
   2092.00000000   69740.73437500 
   2096.00000000  150892.26562500 
   2100.00000000  147395.07812500 
   2104.00000000   18686.53906250 
   2108.00000000 -147643.57812500 
   2112.00000000 -196614.89062500 
   2116.00000000  -55130.39843750 
   2120.00000000   98145.30468750 
   2124.00000000   79470.35937500 
   2128.00000000  -38691.12500000 
   2132.00000000 -124797.24218750 
   2136.00000000 -120575.71875000 
   2140.00000000  -47114.31250000 
   2144.00000000   37335.41406250 
   2148.00000000   85661.85937500 
   2152.00000000   83909.42968750 
   2156.00000000  -11974.05761719 
   2160.00000000 -140416.35937500 
   2164.00000000 -154184.75000000 
   2168.00000000  -62117.66796875 
   2172.00000000   32083.34375000 
   2176.00000000   70574.97656250 
   2180.00000000   49249.00781250 
   2184.00000000   10830.17285156 
   2188.00000000  -30827.11132813 
   2192.00000000  -80651.82031250 
   2196.00000000  -92436.08593750 
   2200.00000000  -14400.92871094 
   2204.00000000  121893.20312500 
   2208.00000000  255675.34375000 
   2212.00000000  295987.50000000 
   2216.00000000  177718.48437500 
   2220.00000000  -15786.79687500 
   2224.00000000 -176243.98437500 
   2228.00000000 -223046.62500000 
   2232.00000000 -149046.87500000 
   2236.00000000  -67034.26562500 
   2240.00000000  -42903.84375000 
   2244.00000000   -8123.22070313 
   2248.00000000   54749.71484375 
   2252.00000000   87471.75781250 
   2256.00000000   30154.10156250 
   2260.00000000  -87669.45312500 
   2264.00000000 -121059.62500000 
   2268.00000000  -28282.60351563 
   2272.00000000   47704.97265625 
   2276.00000000   16791.83398438 
   2280.00000000  -15808.12890625 
   2284.00000000   68869.78125000 
   2288.00000000  206395.12500000 
   2292.00000000  232689.79687500 
   2296.00000000   53629.06640625 
   2300.00000000 -140298.25000000 
   2304.00000000 -156865.26562500 
   2308.00000000  -69641.17187500 
   2312.00000000   -8122.01318359 
   2316.00000000  -25628.03906250 
   2320.00000000  -33629.57812500 
   2324.00000000   62500.07812500 
   2328.00000000  161908.82812500 
   2332.00000000  112585.32812500 
   2336.00000000  -36065.55078125 
   2340.00000000 -165000.95312500 
   2344.00000000 -191866.87500000 
   2348.00000000 -113884.30468750 
   2352.00000000    2883.22851563 
   2356.00000000   68963.87500000 
   2360.00000000     420.54956055 
   2364.00000000 -130974.16406250 
   2368.00000000 -133732.65625000 
   2372.00000000   61426.58203125 
   2376.00000000  262478.03125000 
   2380.00000000  218406.01562500 
   2384.00000000  -44176.01953125 
   2388.00000000 -195913.46875000 
   2392.00000000 -123837.31250000 
   2396.00000000  -23382.10937500 
   2400.00000000   -4394.76904297 
   2404.00000000   44800.53906250 
   2408.00000000  189353.17187500 
   2412.00000000  242127.78125000 
   2416.00000000   88168.21093750 
   2420.00000000 -124635.42968750 
   2424.00000000 -231924.51562500 
   2428.00000000 -186978.89062500 
   2432.00000000  -72627.65625000 
   2436.00000000   60264.45703125 
   2440.00000000  235362.71875000 
   2444.00000000  298619.71875000 
   2448.00000000  113928.17187500 
   2452.00000000 -116207.30468750 
   2456.00000000 -221158.64062500 
   2460.00000000 -251493.37500000 
   2464.00000000 -184627.04687500 
   2468.00000000    -146.74667358 
   2472.00000000  217142.28125000 
   2476.00000000  323401.56250000 
   2480.00000000  188394.48437500 
   2484.00000000  -93773.06250000 
   2488.00000000 -257664.00000000 
   2492.00000000 -193324.67187500 
   2496.00000000  -31137.90039063 
   2500.00000000   77196.52343750 
   2504.00000000   38073.60156250 
   2508.00000000  -91925.53906250 
   2512.00000000 -112488.72656250 
   2516.00000000   35359.50781250 
   2520.00000000  186498.25000000 
   2524.00000000  179312.29687500 
   2528.00000000   54450.22656250 
   2532.00000000   14477.59863281 
   2536.00000000  106453.28125000 
   2540.00000000  169242.23437500 
   2544.00000000  106896.47656250 
   2548.00000000  -14733.31347656 
   2552.00000000 -175716.95312500 
   2556.00000000 -301265.65625000 
   2560.00000000 -242694.64062500 
   2564.00000000  -27364.50195313 
   2568.00000000  222907.70312500 
   2572.00000000  287885.65625000 
   2576.00000000  128644.98437500 
   2580.00000000  -25121.81054688 
   2584.00000000  -84223.71093750 
   2588.00000000 -140812.04687500 
   2592.00000000 -177799.39062500 
   2596.00000000 -115603.25000000 
   2600.00000000   41782.11718750 
   2604.00000000  201059.15625000 
   2608.00000000  176983.84375000 
   2612.00000000   51853.98437500 
   2616.00000000  -28384.05273438 
   2620.00000000  -53464.32421875 
   2624.00000000  -19709.75781250 
   2628.00000000   17156.15234375 
   2632.00000000   24842.17968750 
   2636.00000000   13508.56445313 
   2640.00000000  -17408.50585938 
   2644.00000000  -55997.91406250 
   2648.00000000  -52690.69531250 
   2652.00000000    9222.92285156 
   2656.00000000   89967.34375000 
   2660.00000000  120192.43750000 
   2664.00000000   48332.13281250 
   2668.00000000  -65277.29296875 
   2672.00000000 -102820.31250000 
   2676.00000000  -51335.09375000 
   2680.00000000   -4690.07617188 
   2684.00000000    9270.92675781 
   2688.00000000   19299.47460938 
   2692.00000000   46057.98437500 
   2696.00000000   67230.80468750 
   2700.00000000   36480.30468750 
   2704.00000000  -13734.35253906 
   2708.00000000  -29654.62109375 
   2712.00000000  -23734.79687500 
   2716.00000000  -22432.99218750 
   2720.00000000   -8144.41601563 
   2724.00000000   22500.34179688 
   2728.00000000   38582.23828125 
   2732.00000000    5592.74267578 
   2736.00000000  -41397.82421875 
   2740.00000000  -43356.10156250 
   2744.00000000  -12083.11230469 
   2748.00000000   14661.67968750 
   2752.00000000   13955.83496094 
   2756.00000000    2738.61132813 
   2760.00000000     226.42564392 
   2764.00000000    1743.07226563 
   2768.00000000    -152.47326660 
   2772.00000000   -1822.27819824 
   2776.00000000    -487.99206543 
   2780.00000000     912.98925781 
   2784.00000000     638.92187500 
   2788.00000000     105.36269379 
   2792.00000000    -177.11082458 
   2796.00000000    1395.50659180 
   2800.00000000    1609.54455566 
   2804.00000000    -640.66149902 
   2808.00000000   -1976.35888672 
   2812.00000000    1430.50744629 
   2816.00000000   12581.62109375 
   2820.00000000   12798.46972656 
   2824.00000000    2586.35766602 
   2828.00000000  -10416.21875000 
   2832.00000000  -22648.81640625 
   2836.00000000  -21820.08398438 
   2840.00000000   -7622.98974609 
   2844.00000000   13205.70703125 
   2848.00000000   17391.32226563 
   2852.00000000      69.28954315 
   2856.00000000  -17900.97070313 
   2860.00000000   -3991.30786133 
   2864.00000000   41432.04296875 
   2868.00000000   71465.64062500 
   2872.00000000   45002.56250000 
   2876.00000000    -767.77990723 
   2880.00000000  -38521.08593750 
   2884.00000000  -65558.88281250 
   2888.00000000  -70676.46093750 
   2892.00000000  -56920.65625000 
   2896.00000000  -25016.95507813 
   2900.00000000   19497.78125000 
   2904.00000000   37308.75781250 
   2908.00000000   21745.82812500 
   2912.00000000  -13019.72753906 
   2916.00000000  -58615.84375000 
   2920.00000000  -90928.11718750 
   2924.00000000  -58396.78906250 
   2928.00000000   18635.30468750 
   2932.00000000   91332.39843750 
   2936.00000000  129848.09375000 
   2940.00000000  100604.78906250 
   2944.00000000   19592.03515625 
   2948.00000000  -59844.80078125 
   2952.00000000  -67887.21875000 
   2956.00000000   10392.59667969 
   2960.00000000   66045.02343750 
   2964.00000000  -26832.25781250 
   2968.00000000 -197600.31250000 
   2972.00000000 -249641.76562500 
   2976.00000000 -185455.26562500 
   2980.00000000 -142148.46875000 
   2984.00000000 -132647.78125000 
   2988.00000000  -19050.18554688 
   2992.00000000  215764.95312500 
   2996.00000000  408470.87500000 
   3000.00000000  426898.21875000 
   3004.00000000  278847.37500000 
   3008.00000000   72146.94531250 
   3012.00000000 -158540.04687500 
   3016.00000000 -390055.65625000 
   3020.00000000 -432844.28125000 
   3024.00000000 -154193.39062500 
   3028.00000000  205694.46875000 
   3032.00000000  322567.43750000 
   3036.00000000  178698.93750000 
   3040.00000000  -11040.00195313 
   3044.00000000  -90985.03906250 
   3048.00000000  -49075.53906250 
   3052.00000000   28556.93750000 
   3056.00000000   74337.96093750 
   3060.00000000   82458.22656250 
   3064.00000000   14076.50000000 
   3068.00000000 -103803.46875000 
   3072.00000000 -142262.32812500 
   3076.00000000  -78725.65625000 
   3080.00000000   11692.99121094 
   3084.00000000   70499.24218750 
   3088.00000000   67649.79687500 
   3092.00000000   39221.91406250 
   3096.00000000   17117.69921875 
   3100.00000000   -8027.63916016 
   3104.00000000  -43992.95312500 
   3108.00000000  -54813.30078125 
   3112.00000000  -37821.45703125 
   3116.00000000  -55558.44140625 
   3120.00000000 -103669.80468750 
   3124.00000000 -118410.14843750 
   3128.00000000  -55370.36328125 
   3132.00000000   75220.03906250 
   3136.00000000  163343.21875000 
   3140.00000000  139290.21875000 
   3144.00000000   48444.55078125 
   3148.00000000  -33419.04296875 
   3152.00000000  -73014.77343750 
   3156.00000000  -58560.78906250 
   3160.00000000  -55704.40625000 
   3164.00000000  -64418.69140625 
   3168.00000000  -17309.63476563 
   3172.00000000   66952.10156250 
   3176.00000000  103309.56250000 
   3180.00000000   56242.02343750 
   3184.00000000  -12890.65136719 
   3188.00000000  -41832.46484375 
   3192.00000000  -36532.86718750 
   3196.00000000  -40896.16015625 
   3200.00000000  -52868.05859375 
   3204.00000000  -28427.30664063 
   3208.00000000   16324.30957031 
   3212.00000000   21845.48437500 
   3216.00000000  -19203.35937500 
   3220.00000000  -46356.85937500 
   3224.00000000   -8651.70019531 
   3228.00000000   31408.18554688 
   3232.00000000   29216.34375000 
   3236.00000000  -24259.69140625 
   3240.00000000  -36111.25000000 
   3244.00000000   13642.72753906 
   3248.00000000   49271.40625000 
   3252.00000000   13950.74609375 
   3256.00000000  -69318.23437500 
   3260.00000000 -156675.04687500 
   3264.00000000 -155763.29687500 
   3268.00000000  -28895.54882813 
   3272.00000000  186392.09375000 
   3276.00000000  323166.34375000 
   3280.00000000  242406.71875000 
   3284.00000000   82761.87500000 
   3288.00000000   16327.21679688 
   3292.00000000   22973.79296875 
   3296.00000000  -42103.90625000 
   3300.00000000 -230544.46875000 
   3304.00000000 -347674.21875000 
   3308.00000000 -211756.06250000 
   3312.00000000   -4359.69384766 
   3316.00000000   47460.55078125 
   3320.00000000  -48786.33984375 
   3324.00000000 -111865.52343750 
   3328.00000000  -13363.17382813 
   3332.00000000  132968.68750000 
   3336.00000000  154882.56250000 
   3340.00000000   82626.07031250 
   3344.00000000  120891.50781250 
   3348.00000000  233564.37500000 
   3352.00000000  230088.31250000 
   3356.00000000   62410.10156250 
   3360.00000000 -196114.43750000 
   3364.00000000 -285789.59375000 
   3368.00000000 -210465.53125000 
   3372.00000000 -132453.25000000 
