       TWT             Trace      
       ms       
   2565.00000000       0.00745046 
   2566.00000000       0.00749625 
   2567.00000000       0.00630578 
   2568.00000000       0.00378977 
   2569.00000000      -0.00005933 
   2570.00000000      -0.00510931 
   2571.00000000      -0.01105178 
   2572.00000000      -0.01743218 
   2573.00000000      -0.02372798 
   2574.00000000      -0.02939338 
   2575.00000000      -0.03386448 
   2576.00000000      -0.03658160 
   2577.00000000      -0.03704810 
   2578.00000000      -0.03490722 
   2579.00000000      -0.02999390 
   2580.00000000      -0.02234537 
   2581.00000000      -0.01219081 
   2582.00000000       0.00006916 
   2583.00000000       0.01386865 
   2584.00000000       0.02850092 
   2585.00000000       0.04318154 
   2586.00000000       0.05712338 
   2587.00000000       0.06959568 
   2588.00000000       0.07996489 
   2589.00000000       0.08772095 
   2590.00000000       0.09250075 
   2591.00000000       0.09410755 
   2592.00000000       0.09250403 
   2593.00000000       0.08778526 
   2594.00000000       0.08017033 
   2595.00000000       0.07000005 
   2596.00000000       0.05770069 
   2597.00000000       0.04371778 
   2598.00000000       0.02849256 
   2599.00000000       0.01249729 
   2600.00000000      -0.00374673 
   2601.00000000      -0.01970726 
   2602.00000000      -0.03487047 
   2603.00000000      -0.04872381 
   2604.00000000      -0.06076145 
   2605.00000000      -0.07052891 
   2606.00000000      -0.07765005 
   2607.00000000      -0.08181120 
   2608.00000000      -0.08277711 
   2609.00000000      -0.08047094 
   2610.00000000      -0.07500958 
   2611.00000000      -0.06664214 
   2612.00000000      -0.05571328 
   2613.00000000      -0.04272978 
   2614.00000000      -0.02839438 
   2615.00000000      -0.01347921 
   2616.00000000       0.00132545 
   2617.00000000       0.01539296 
   2618.00000000       0.02805251 
   2619.00000000       0.03864104 
   2620.00000000       0.04670055 
   2621.00000000       0.05204995 
   2622.00000000       0.05465651 
   2623.00000000       0.05454705 
   2624.00000000       0.05188422 
   2625.00000000       0.04701031 
   2626.00000000       0.04037824 
   2627.00000000       0.03248499 
   2628.00000000       0.02386331 
   2629.00000000       0.01506890 
   2630.00000000       0.00661205 
   2631.00000000      -0.00108914 
   2632.00000000      -0.00768417 
   2633.00000000      -0.01288090 
   2634.00000000      -0.01651273 
   2635.00000000      -0.01859349 
   2636.00000000      -0.01925833 
   2637.00000000      -0.01867357 
   2638.00000000      -0.01703490 
   2639.00000000      -0.01464166 
   2640.00000000      -0.01190697 
   2641.00000000      -0.00924859 
   2642.00000000      -0.00697505 
   2643.00000000      -0.00528821 
   2644.00000000      -0.00437148 
   2645.00000000      -0.00442542 
   2646.00000000      -0.00557139 
   2647.00000000      -0.00772209 
   2648.00000000      -0.01061064 
   2649.00000000      -0.01394613 
   2650.00000000      -0.01750300 
   2651.00000000      -0.02105072 
   2652.00000000      -0.02426194 
   2653.00000000      -0.02677730 
   2654.00000000      -0.02835439 
   2655.00000000      -0.02889241 
   2656.00000000      -0.02834553 
   2657.00000000      -0.02669549 
   2658.00000000      -0.02403207 
   2659.00000000      -0.02059590 
   2660.00000000      -0.01671766 
   2661.00000000      -0.01275135 
   2662.00000000      -0.00908572 
   2663.00000000      -0.00614464 
   2664.00000000      -0.00431700 
   2665.00000000      -0.00391262 
   2666.00000000      -0.00515605 
   2667.00000000      -0.00813922 
   2668.00000000      -0.01276178 
   2669.00000000      -0.01872423 
   2670.00000000      -0.02556501 
   2671.00000000      -0.03268486 
   2672.00000000      -0.03935653 
   2673.00000000      -0.04478248 
   2674.00000000      -0.04817267 
   2675.00000000      -0.04879264 
   2676.00000000      -0.04601816 
   2677.00000000      -0.03944615 
   2678.00000000      -0.02901950 
   2679.00000000      -0.01504020 
   2680.00000000       0.00190621 
   2681.00000000       0.02100398 
   2682.00000000       0.04121287 
   2683.00000000       0.06130259 
   2684.00000000       0.07996272 
   2685.00000000       0.09594405 
   2686.00000000       0.10817738 
   2687.00000000       0.11585807 
   2688.00000000       0.11849976 
   2689.00000000       0.11596534 
   2690.00000000       0.10847514 
   2691.00000000       0.09660723 
   2692.00000000       0.08124804 
   2693.00000000       0.06347583 
   2694.00000000       0.04445323 
   2695.00000000       0.02536512 
   2696.00000000       0.00734554 
   2697.00000000      -0.00863499 
   2698.00000000      -0.02185149 
   2699.00000000      -0.03182503 
   2700.00000000      -0.03830450 
   2701.00000000      -0.04130189 
   2702.00000000      -0.04111300 
   2703.00000000      -0.03825990 
   2704.00000000      -0.03338967 
   2705.00000000      -0.02721403 
   2706.00000000      -0.02051108 
   2707.00000000      -0.01409055 
   2708.00000000      -0.00867654 
   2709.00000000      -0.00481770 
   2710.00000000      -0.00289783 
   2711.00000000      -0.00317470 
   2712.00000000      -0.00571768 
   2713.00000000      -0.01031207 
   2714.00000000      -0.01649867 
   2715.00000000      -0.02371594 
   2716.00000000      -0.03136052 
   2717.00000000      -0.03873843 
   2718.00000000      -0.04506052 
   2719.00000000      -0.04957036 
   2720.00000000      -0.05170474 
   2721.00000000      -0.05113590 
   2722.00000000      -0.04769916 
   2723.00000000      -0.04137136 
   2724.00000000      -0.03236990 
   2725.00000000      -0.02123808 
   2726.00000000      -0.00875740 
   2727.00000000       0.00425310 
   2728.00000000       0.01704266 
   2729.00000000       0.02888492 
   2730.00000000       0.03905281 
   2731.00000000       0.04692724 
   2732.00000000       0.05212401 
   2733.00000000       0.05450837 
   2734.00000000       0.05413213 
   2735.00000000       0.05122381 
   2736.00000000       0.04620590 
   2737.00000000       0.03963513 
   2738.00000000       0.03209399 
   2739.00000000       0.02414411 
   2740.00000000       0.01633530 
   2741.00000000       0.00916076 
   2742.00000000       0.00296099 
   2743.00000000      -0.00210950 
   2744.00000000      -0.00602847 
   2745.00000000      -0.00886140 
   2746.00000000      -0.01078414 
   2747.00000000      -0.01207691 
   2748.00000000      -0.01303754 
   2749.00000000      -0.01391914 
   2750.00000000      -0.01493767 
   2751.00000000      -0.01626082 
   2752.00000000      -0.01795435 
   2753.00000000      -0.01998627 
   2754.00000000      -0.02225984 
   2755.00000000      -0.02460795 
   2756.00000000      -0.02677495 
   2757.00000000      -0.02845076 
   2758.00000000      -0.02936990 
   2759.00000000      -0.02936319 
   2760.00000000      -0.02831775 
   2761.00000000      -0.02614543 
   2762.00000000      -0.02283053 
   2763.00000000      -0.01848530 
   2764.00000000      -0.01332157 
   2765.00000000      -0.00759219 
   2766.00000000      -0.00158317 
   2767.00000000       0.00438256 
   2768.00000000       0.00998279 
   2769.00000000       0.01494455 
   2770.00000000       0.01904665 
   2771.00000000       0.02210493 
   2772.00000000       0.02399846 
   2773.00000000       0.02470251 
   2774.00000000       0.02427916 
   2775.00000000       0.02284265 
   2776.00000000       0.02054121 
   2777.00000000       0.01755285 
   2778.00000000       0.01407266 
   2779.00000000       0.01030221 
   2780.00000000       0.00645935 
   2781.00000000       0.00277032 
   2782.00000000      -0.00058569 
   2783.00000000      -0.00351039 
   2784.00000000      -0.00594223 
   2785.00000000      -0.00781102 
   2786.00000000      -0.00906915 
   2787.00000000      -0.00974880 
   2788.00000000      -0.00994582 
   2789.00000000      -0.00975421 
   2790.00000000      -0.00925643 
   2791.00000000      -0.00856823 
   2792.00000000      -0.00783977 
   2793.00000000      -0.00719639 
   2794.00000000      -0.00671083 
   2795.00000000      -0.00643853 
   2796.00000000      -0.00643490 
   2797.00000000      -0.00671003 
   2798.00000000      -0.00719570 
   2799.00000000      -0.00778189 
   2800.00000000      -0.00836868 
   2801.00000000      -0.00886429 
   2802.00000000      -0.00914814 
   2803.00000000      -0.00907497 
   2804.00000000      -0.00852797 
   2805.00000000      -0.00745660 
   2806.00000000      -0.00585903 
   2807.00000000      -0.00375290 
   2808.00000000      -0.00118647 
   2809.00000000       0.00173043 
   2810.00000000       0.00482976 
   2811.00000000       0.00792261 
   2812.00000000       0.01082447 
   2813.00000000       0.01334996 
   2814.00000000       0.01531428 
   2815.00000000       0.01656660 
   2816.00000000       0.01701670 
   2817.00000000       0.01662563 
   2818.00000000       0.01539458 
   2819.00000000       0.01338188 
   2820.00000000       0.01072122 
   2821.00000000       0.00760276 
   2822.00000000       0.00423699 
   2823.00000000       0.00083575 
   2824.00000000      -0.00238814 
   2825.00000000      -0.00522325 
   2826.00000000      -0.00748377 
   2827.00000000      -0.00904083 
   2828.00000000      -0.00983681 
   2829.00000000      -0.00986879 
   2830.00000000      -0.00916917 
   2831.00000000      -0.00781375 
   2832.00000000      -0.00593679 
   2833.00000000      -0.00371339 
   2834.00000000      -0.00131598 
   2835.00000000       0.00110569 
   2836.00000000       0.00340644 
   2837.00000000       0.00543395 
   2838.00000000       0.00705938 
   2839.00000000       0.00821634 
   2840.00000000       0.00889480 
   2841.00000000       0.00910235 
   2842.00000000       0.00885069 
   2843.00000000       0.00818617 
   2844.00000000       0.00720522 
   2845.00000000       0.00602045 
   2846.00000000       0.00472252 
   2847.00000000       0.00339458 
   2848.00000000       0.00213543 
   2849.00000000       0.00104169 
   2850.00000000       0.00017228 
   2851.00000000      -0.00045102 
   2852.00000000      -0.00081579 
   2853.00000000      -0.00092220 
   2854.00000000      -0.00081093 
   2855.00000000      -0.00055081 
   2856.00000000      -0.00020373 
   2857.00000000       0.00017193 
   2858.00000000       0.00049703 
   2859.00000000       0.00068997 
   2860.00000000       0.00071897 
   2861.00000000       0.00059604 
   2862.00000000       0.00031853 
   2863.00000000      -0.00012797 
   2864.00000000      -0.00071561 
   2865.00000000      -0.00136534 
   2866.00000000      -0.00199759 
   2867.00000000      -0.00256125 
   2868.00000000      -0.00300888 
   2869.00000000      -0.00327434 
   2870.00000000      -0.00329580 
   2871.00000000      -0.00305261 
   2872.00000000      -0.00256902 
   2873.00000000      -0.00188347 
   2874.00000000      -0.00103251 
   2875.00000000      -0.00006857 
   2876.00000000       0.00092455 
   2877.00000000       0.00183441 
   2878.00000000       0.00255358 
   2879.00000000       0.00301707 
   2880.00000000       0.00318970 
   2881.00000000       0.00302118 
   2882.00000000       0.00244236 
   2883.00000000       0.00142042 
   2884.00000000       0.00000761 
   2885.00000000      -0.00169404 
   2886.00000000      -0.00360588 
   2887.00000000      -0.00567603 
   2888.00000000      -0.00781773 
   2889.00000000      -0.00989323 
   2890.00000000      -0.01177091 
   2891.00000000      -0.01337023 
   2892.00000000      -0.01463320 
   2893.00000000      -0.01548463 
   2894.00000000      -0.01584996 
   2895.00000000      -0.01570095 
   2896.00000000      -0.01505504 
   2897.00000000      -0.01393974 
   2898.00000000      -0.01239520 
   2899.00000000      -0.01050121 
   2900.00000000      -0.00836582 
   2901.00000000      -0.00609699 
   2902.00000000      -0.00380895 
   2903.00000000      -0.00164892 
   2904.00000000       0.00021966 
   2905.00000000       0.00167386 
   2906.00000000       0.00264782 
   2907.00000000       0.00309025 
   2908.00000000       0.00294787 
   2909.00000000       0.00222450 
   2910.00000000       0.00102165 
   2911.00000000      -0.00051728 
   2912.00000000      -0.00227533 
   2913.00000000      -0.00413754 
   2914.00000000      -0.00592261 
   2915.00000000      -0.00740606 
   2916.00000000      -0.00841691 
   2917.00000000      -0.00886151 
   2918.00000000      -0.00865633 
   2919.00000000      -0.00769745 
   2920.00000000      -0.00592342 
   2921.00000000      -0.00336429 
   2922.00000000      -0.00010126 
   2923.00000000       0.00378932 
   2924.00000000       0.00822674 
   2925.00000000       0.01308479 
   2926.00000000       0.01819342 
   2927.00000000       0.02337029 
   2928.00000000       0.02843479 
   2929.00000000       0.03318913 
   2930.00000000       0.03741283 
   2931.00000000       0.04090125 
   2932.00000000       0.04348249 
   2933.00000000       0.04498638 
   2934.00000000       0.04524108 
   2935.00000000       0.04412282 
   2936.00000000       0.04158877 
   2937.00000000       0.03764924 
   2938.00000000       0.03234082 
   2939.00000000       0.02575973 
   2940.00000000       0.01811193 
   2941.00000000       0.00968442 
   2942.00000000       0.00076878 
   2943.00000000      -0.00834191 
   2944.00000000      -0.01729635 
   2945.00000000      -0.02568273 
   2946.00000000      -0.03312317 
   2947.00000000      -0.03934514 
   2948.00000000      -0.04413710 
   2949.00000000      -0.04729148 
   2950.00000000      -0.04865596 
   2951.00000000      -0.04823491 
   2952.00000000      -0.04618559 
   2953.00000000      -0.04271996 
   2954.00000000      -0.03806435 
   2955.00000000      -0.03251721 
   2956.00000000      -0.02647843 
   2957.00000000      -0.02037041 
   2958.00000000      -0.01455160 
   2959.00000000      -0.00931201 
   2960.00000000      -0.00490576 
   2961.00000000      -0.00153660 
   2962.00000000       0.00069219 
   2963.00000000       0.00179193 
   2964.00000000       0.00186747 
   2965.00000000       0.00110393 
   2966.00000000      -0.00024433 
   2967.00000000      -0.00188657 
   2968.00000000      -0.00352388 
   2969.00000000      -0.00485587 
   2970.00000000      -0.00559889 
   2971.00000000      -0.00552289 
   2972.00000000      -0.00447872 
   2973.00000000      -0.00240186 
   2974.00000000       0.00068118 
   2975.00000000       0.00465102 
   2976.00000000       0.00931336 
   2977.00000000       0.01442879 
   2978.00000000       0.01971093 
   2979.00000000       0.02482064 
   2980.00000000       0.02941550 
   2981.00000000       0.03321463 
   2982.00000000       0.03599731 
   2983.00000000       0.03758141 
   2984.00000000       0.03785487 
   2985.00000000       0.03681899 
   2986.00000000       0.03458633 
   2987.00000000       0.03132545 
   2988.00000000       0.02724346 
   2989.00000000       0.02262224 
   2990.00000000       0.01780626 
   2991.00000000       0.01312879 
   2992.00000000       0.00885999 
   2993.00000000       0.00522024 
   2994.00000000       0.00239683 
   2995.00000000       0.00050455 
   2996.00000000      -0.00046204 
   2997.00000000      -0.00060880 
   2998.00000000      -0.00008357 
   2999.00000000       0.00093611 
   3000.00000000       0.00221613 
   3001.00000000       0.00347484 
   3002.00000000       0.00442416 
   3003.00000000       0.00480804 
   3004.00000000       0.00442510 
   3005.00000000       0.00314067 
   3006.00000000       0.00090330 
   3007.00000000      -0.00227018 
   3008.00000000      -0.00631366 
   3009.00000000      -0.01111475 
   3010.00000000      -0.01649476 
   3011.00000000      -0.02218069 
   3012.00000000      -0.02783584 
   3013.00000000      -0.03313839 
   3014.00000000      -0.03781682 
   3015.00000000      -0.04161364 
   3016.00000000      -0.04425199 
   3017.00000000      -0.04548393 
   3018.00000000      -0.04516027 
   3019.00000000      -0.04322838 
   3020.00000000      -0.03969318 
   3021.00000000      -0.03462348 
   3022.00000000      -0.02818331 
   3023.00000000      -0.02061608 
   3024.00000000      -0.01220170 
   3025.00000000      -0.00328519 
   3026.00000000       0.00566516 
   3027.00000000       0.01413470 
   3028.00000000       0.02173411 
   3029.00000000       0.02820990 
   3030.00000000       0.03326033 
   3031.00000000       0.03647223 
   3032.00000000       0.03753218 
   3033.00000000       0.03642724 
   3034.00000000       0.03335734 
   3035.00000000       0.02851354 
   3036.00000000       0.02206245 
   3037.00000000       0.01432238 
   3038.00000000       0.00580872 
   3039.00000000      -0.00292388 
   3040.00000000      -0.01140349 
   3041.00000000      -0.01920286 
   3042.00000000      -0.02588483 
   3043.00000000      -0.03107058 
   3044.00000000      -0.03453581 
   3045.00000000      -0.03620660 
   3046.00000000      -0.03610641 
   3047.00000000      -0.03434690 
   3048.00000000      -0.03114947 
   3049.00000000      -0.02682198 
   3050.00000000      -0.02171165 
   3051.00000000      -0.01616005 
   3052.00000000      -0.01047356 
   3053.00000000      -0.00492593 
   3054.00000000       0.00026323 
   3055.00000000       0.00494645 
   3056.00000000       0.00902506 
   3057.00000000       0.01243810 
   3058.00000000       0.01517964 
   3059.00000000       0.01730828 
   3060.00000000       0.01889095 
   3061.00000000       0.01994682 
   3062.00000000       0.02048963 
   3063.00000000       0.02055770 
   3064.00000000       0.02017965 
   3065.00000000       0.01936675 
   3066.00000000       0.01816012 
   3067.00000000       0.01662812 
   3068.00000000       0.01484332 
   3069.00000000       0.01290036 
   3070.00000000       0.01094387 
   3071.00000000       0.00915654 
   3072.00000000       0.00771298 
   3073.00000000       0.00677271 
   3074.00000000       0.00648983 
   3075.00000000       0.00697698 
   3076.00000000       0.00825981 
   3077.00000000       0.01032865 
   3078.00000000       0.01322892 
   3079.00000000       0.01697433 
   3080.00000000       0.02135337 
   3081.00000000       0.02592800 
   3082.00000000       0.03025736 
   3083.00000000       0.03405874 
   3084.00000000       0.03711890 
   3085.00000000       0.03913853 
   3086.00000000       0.03977498 
   3087.00000000       0.03880125 
   3088.00000000       0.03610777 
   3089.00000000       0.03159962 
   3090.00000000       0.02524973 
   3091.00000000       0.01727018 
   3092.00000000       0.00808565 
   3093.00000000      -0.00189932 
   3094.00000000      -0.01236872 
   3095.00000000      -0.02291744 
   3096.00000000      -0.03299239 
   3097.00000000      -0.04211280 
   3098.00000000      -0.05002101 
   3099.00000000      -0.05654507 
   3100.00000000      -0.06148091 
   3101.00000000      -0.06474570 
   3102.00000000      -0.06652174 
   3103.00000000      -0.06706537 
   3104.00000000      -0.06647120 
   3105.00000000      -0.06480459 
   3106.00000000      -0.06234800 
   3107.00000000      -0.05949078 
   3108.00000000      -0.05635461 
   3109.00000000      -0.05268342 
   3110.00000000      -0.04813872 
   3111.00000000      -0.04251499 
   3112.00000000      -0.03559386 
   3113.00000000      -0.02700188 
   3114.00000000      -0.01634110 
   3115.00000000      -0.00340714 
   3116.00000000       0.01180778 
   3117.00000000       0.02920672 
   3118.00000000       0.04850545 
   3119.00000000       0.06910311 
   3120.00000000       0.09014462 
   3121.00000000       0.11069762 
   3122.00000000       0.12979458 
   3123.00000000       0.14635935 
   3124.00000000       0.15925108 
   3125.00000000       0.16746026 
   3126.00000000       0.17027423 
   3127.00000000       0.16728091 
   3128.00000000       0.15829501 
   3129.00000000       0.14335290 
   3130.00000000       0.12275932 
   3131.00000000       0.09711739 
   3132.00000000       0.06730872 
   3133.00000000       0.03443469 
   3134.00000000      -0.00025993 
   3135.00000000      -0.03548186 
   3136.00000000      -0.06994645 
   3137.00000000      -0.10238034 
   3138.00000000      -0.13150430 
   3139.00000000      -0.15609364 
   3140.00000000      -0.17513293 
   3141.00000000      -0.18791482 
   3142.00000000      -0.19399562 
   3143.00000000      -0.19311571 
   3144.00000000      -0.18524605 
   3145.00000000      -0.17072995 
   3146.00000000      -0.15032947 
   3147.00000000      -0.12511961 
   3148.00000000      -0.09636884 
   3149.00000000      -0.06550824 
   3150.00000000      -0.03412201 
   3151.00000000      -0.00386638 
   3152.00000000       0.02366499 
   3153.00000000       0.04707171 
   3154.00000000       0.06520477 
   3155.00000000       0.07718139 
   3156.00000000       0.08244036 
   3157.00000000       0.08086783 
   3158.00000000       0.07292126 
   3159.00000000       0.05955680 
   3160.00000000       0.04197650 
   3161.00000000       0.02146412 
   3162.00000000      -0.00056455 
   3163.00000000      -0.02249256 
   3164.00000000      -0.04264317 
   3165.00000000      -0.05954353 
   3166.00000000      -0.07204935 
   3167.00000000      -0.07933813 
   3168.00000000      -0.08097135 
   3169.00000000      -0.07699678 
   3170.00000000      -0.06787869 
   3171.00000000      -0.05430921 
   3172.00000000      -0.03716502 
   3173.00000000      -0.01758860 
   3174.00000000       0.00307100 
   3175.00000000       0.02351576 
   3176.00000000       0.04267543 
   3177.00000000       0.05964775 
   3178.00000000       0.07361914 
   3179.00000000       0.08400427 
   3180.00000000       0.09060847 
   3181.00000000       0.09353251 
   3182.00000000       0.09298450 
   3183.00000000       0.08927976 
   3184.00000000       0.08296011 
   3185.00000000       0.07478193 
   3186.00000000       0.06549295 
   3187.00000000       0.05564447 
   3188.00000000       0.04563848 
   3189.00000000       0.03589309 
   3190.00000000       0.02687381 
   3191.00000000       0.01892561 
   3192.00000000       0.01217214 
   3193.00000000       0.00662133 
   3194.00000000       0.00225836 
   3195.00000000      -0.00103486 
   3196.00000000      -0.00352953 
   3197.00000000      -0.00554321 
   3198.00000000      -0.00734845 
   3199.00000000      -0.00921061 
   3200.00000000      -0.01142251 
   3201.00000000      -0.01421145 
   3202.00000000      -0.01762999 
   3203.00000000      -0.02160222 
   3204.00000000      -0.02605976 
   3205.00000000      -0.03092563 
   3206.00000000      -0.03594233 
   3207.00000000      -0.04062354 
   3208.00000000      -0.04442285 
   3209.00000000      -0.04692138 
   3210.00000000      -0.04786019 
   3211.00000000      -0.04704450 
   3212.00000000      -0.04429310 
   3213.00000000      -0.03953242 
   3214.00000000      -0.03290533 
   3215.00000000      -0.02476211 
   3216.00000000      -0.01559237 
   3217.00000000      -0.00597402 
   3218.00000000       0.00347733 
   3219.00000000       0.01218941 
   3220.00000000       0.01966929 
   3221.00000000       0.02546930 
   3222.00000000       0.02921204 
   3223.00000000       0.03072118 
   3224.00000000       0.03010323 
   3225.00000000       0.02764326 
   3226.00000000       0.02364472 
   3227.00000000       0.01842237 
   3228.00000000       0.01240585 
   3229.00000000       0.00613949 
   3230.00000000       0.00012252 
   3231.00000000      -0.00531090 
   3232.00000000      -0.00993939 
   3233.00000000      -0.01356030 
   3234.00000000      -0.01599602 
   3235.00000000      -0.01718490 
   3236.00000000      -0.01719952 
   3237.00000000      -0.01615904 
   3238.00000000      -0.01418758 
   3239.00000000      -0.01143581 
   3240.00000000      -0.00805972 
   3241.00000000      -0.00417659 
   3242.00000000       0.00012001 
   3243.00000000       0.00469398 
   3244.00000000       0.00938244 
   3245.00000000       0.01407533 
   3246.00000000       0.01871619 
   3247.00000000       0.02322618 
   3248.00000000       0.02746835 
   3249.00000000       0.03130247 
   3250.00000000       0.03462714 
   3251.00000000       0.03735596 
   3252.00000000       0.03939625 
   3253.00000000       0.04066534 
   3254.00000000       0.04111061 
   3255.00000000       0.04069288 
   3256.00000000       0.03936925 
   3257.00000000       0.03711969 
   3258.00000000       0.03396289 
   3259.00000000       0.02992365 
   3260.00000000       0.02501226 
   3261.00000000       0.01926513 
   3262.00000000       0.01277560 
   3263.00000000       0.00566815 
   3264.00000000      -0.00192628 
   3265.00000000      -0.00983123 
   3266.00000000      -0.01778925 
   3267.00000000      -0.02552787 
   3268.00000000      -0.03282626 
   3269.00000000      -0.03946741 
   3270.00000000      -0.04517803 
   3271.00000000      -0.04968643 
   3272.00000000      -0.05283196 
   3273.00000000      -0.05455377 
   3274.00000000      -0.05478955 
   3275.00000000      -0.05347100 
   3276.00000000      -0.05062575 
   3277.00000000      -0.04641959 
   3278.00000000      -0.04107623 
   3279.00000000      -0.03480805 
   3280.00000000      -0.02784423 
   3281.00000000      -0.02044902 
   3282.00000000      -0.01288028 
   3283.00000000      -0.00535277 
   3284.00000000       0.00192865 
   3285.00000000       0.00873292 
   3286.00000000       0.01486685 
   3287.00000000       0.02023198 
   3288.00000000       0.02477976 
   3289.00000000       0.02844899 
   3290.00000000       0.03117175 
   3291.00000000       0.03291263 
   3292.00000000       0.03368488 
   3293.00000000       0.03353823 
   3294.00000000       0.03255970 
   3295.00000000       0.03086242 
   3296.00000000       0.02855506 
   3297.00000000       0.02574113 
   3298.00000000       0.02256201 
   3299.00000000       0.01919928 
   3300.00000000       0.01581373 
   3301.00000000       0.01252321 
   3302.00000000       0.00944071 
   3303.00000000       0.00669498 
   3304.00000000       0.00439623 
   3305.00000000       0.00259345 
   3306.00000000       0.00127644 
   3307.00000000       0.00040863 
   3308.00000000      -0.00005710 
   3309.00000000      -0.00017703 
   3310.00000000      -0.00002014 
   3311.00000000       0.00032656 
   3312.00000000       0.00075435 
   3313.00000000       0.00115230 
   3314.00000000       0.00144688 
   3315.00000000       0.00162430 
   3316.00000000       0.00170416 
   3317.00000000       0.00170180 
   3318.00000000       0.00162078 
   3319.00000000       0.00147409 
   3320.00000000       0.00130231 
   3321.00000000       0.00116442 
   3322.00000000       0.00110459 
   3323.00000000       0.00113429 
   3324.00000000       0.00124195 
   3325.00000000       0.00140534 
   3326.00000000       0.00158683 
   3327.00000000       0.00172621 
   3328.00000000       0.00174786 
   3329.00000000       0.00156878 
   3330.00000000       0.00110302 
   3331.00000000       0.00026654 
   3332.00000000      -0.00101484 
   3333.00000000      -0.00279454 
   3334.00000000      -0.00509941 
   3335.00000000      -0.00792661 
   3336.00000000      -0.01123944 
   3337.00000000      -0.01496815 
   3338.00000000      -0.01901351 
   3339.00000000      -0.02324775 
   3340.00000000      -0.02751794 
   3341.00000000      -0.03165792 
   3342.00000000      -0.03549713 
   3343.00000000      -0.03886069 
   3344.00000000      -0.04157557 
   3345.00000000      -0.04348095 
   3346.00000000      -0.04443499 
   3347.00000000      -0.04432565 
   3348.00000000      -0.04309185 
   3349.00000000      -0.04073567 
   3350.00000000      -0.03730386 
   3351.00000000      -0.03286311 
