       TWT             Trace      
       ms       
   2563.00000000 -162650.12500000 
   2564.00000000 -205827.09375000 
   2565.00000000 -240883.59375000 
   2566.00000000 -264477.21875000 
   2567.00000000 -273696.59375000 
   2568.00000000 -266150.12500000 
   2569.00000000 -241388.79687500 
   2570.00000000 -202668.45312500 
   2571.00000000 -158267.96875000 
   2572.00000000 -113029.24218750 
   2573.00000000  -63447.52343750 
   2574.00000000   -6331.26367188 
   2575.00000000   54573.32421875 
   2576.00000000  110787.70312500 
   2577.00000000  154754.34375000 
   2578.00000000  184897.79687500 
   2579.00000000  201206.37500000 
   2580.00000000  200770.57812500 
   2581.00000000  183789.21875000 
   2582.00000000  155748.98437500 
   2583.00000000  124579.05468750 
   2584.00000000   95452.85937500 
   2585.00000000   69077.88281250 
   2586.00000000   45434.23828125 
   2587.00000000   26344.52929688 
   2588.00000000   14437.34375000 
   2589.00000000    8053.68701172 
   2590.00000000    3187.44433594 
   2591.00000000   -1410.71948242 
   2592.00000000   -2755.86621094 
   2593.00000000     621.33660889 
   2594.00000000    3774.93676758 
   2595.00000000    -579.87451172 
   2596.00000000  -14688.92968750 
   2597.00000000  -34081.04296875 
   2598.00000000  -53578.62500000 
   2599.00000000  -73041.73437500 
   2600.00000000  -93292.69531250 
   2601.00000000 -110136.03906250 
   2602.00000000 -117776.50000000 
   2603.00000000 -114072.64062500 
   2604.00000000 -100199.25000000 
   2605.00000000  -79114.67968750 
   2606.00000000  -52570.70312500 
   2607.00000000  -20718.64843750 
   2608.00000000   14361.43359375 
   2609.00000000   49299.18359375 
   2610.00000000   80590.14843750 
   2611.00000000  104499.65625000 
   2612.00000000  118959.00781250 
   2613.00000000  121840.57812500 
   2614.00000000  112918.30468750 
   2615.00000000   95896.38281250 
   2616.00000000   76696.47656250 
   2617.00000000   61591.40234375 
   2618.00000000   52915.51171875 
   2619.00000000   47617.68359375 
   2620.00000000   42784.32812500 
   2621.00000000   41095.50000000 
   2622.00000000   48600.85156250 
   2623.00000000   66471.18750000 
   2624.00000000   87744.02343750 
   2625.00000000  103748.00000000 
   2626.00000000  111763.19531250 
   2627.00000000  114190.22656250 
   2628.00000000  112495.62500000 
   2629.00000000  104967.78906250 
   2630.00000000   90424.46875000 
   2631.00000000   71140.22656250 
   2632.00000000   48653.00390625 
   2633.00000000   22336.35156250 
   2634.00000000   -8045.91162109 
   2635.00000000  -38303.58203125 
   2636.00000000  -61053.19140625 
   2637.00000000  -73136.21093750 
   2638.00000000  -80053.78906250 
   2639.00000000  -87230.22656250 
   2640.00000000  -90530.45312500 
   2641.00000000  -82178.39062500 
   2642.00000000  -59877.66015625 
   2643.00000000  -30692.16992188 
   2644.00000000   -4381.54492188 
   2645.00000000   14528.80371094 
   2646.00000000   27747.38867188 
   2647.00000000   37113.69531250 
   2648.00000000   43210.53515625 
   2649.00000000   48297.22265625 
   2650.00000000   54677.52734375 
   2651.00000000   60574.73828125 
   2652.00000000   60669.48046875 
   2653.00000000   51821.55468750 
   2654.00000000   36677.17968750 
   2655.00000000   19783.07617188 
   2656.00000000    2471.19897461 
   2657.00000000  -16126.64453125 
   2658.00000000  -36003.87500000 
   2659.00000000  -54264.94921875 
   2660.00000000  -69913.14843750 
   2661.00000000  -84858.00781250 
   2662.00000000  -99724.34375000 
   2663.00000000 -113413.53125000 
   2664.00000000 -123807.99218750 
   2665.00000000 -127975.19531250 
   2666.00000000 -122091.57031250 
   2667.00000000 -102937.30468750 
   2668.00000000  -71993.02343750 
   2669.00000000  -37669.07812500 
   2670.00000000   -7653.69384766 
   2671.00000000   17341.04101563 
   2672.00000000   40572.75781250 
   2673.00000000   62225.47656250 
   2674.00000000   79237.86718750 
   2675.00000000   89158.41406250 
   2676.00000000   92556.21093750 
   2677.00000000   89245.00000000 
   2678.00000000   78246.96875000 
   2679.00000000   61063.42578125 
   2680.00000000   43257.04687500 
   2681.00000000   30088.86328125 
   2682.00000000   20208.49023438 
   2683.00000000    9132.38769531 
   2684.00000000   -3802.37109375 
   2685.00000000  -15687.07617188 
   2686.00000000  -23210.49414063 
   2687.00000000  -26588.00000000 
   2688.00000000  -28796.16601563 
   2689.00000000  -30191.99804688 
   2690.00000000  -28205.48242188 
   2691.00000000  -24184.06054688 
   2692.00000000  -20180.50390625 
   2693.00000000  -16801.98437500 
   2694.00000000  -15765.06738281 
   2695.00000000  -17058.29687500 
   2696.00000000  -20860.43164063 
   2697.00000000  -25588.96484375 
   2698.00000000  -29006.72460938 
   2699.00000000  -29682.60742188 
   2700.00000000  -25980.47851563 
   2701.00000000  -19128.54882813 
   2702.00000000  -12362.56542969 
   2703.00000000   -6700.98974609 
   2704.00000000   -1569.42956543 
   2705.00000000    4255.56347656 
   2706.00000000   12374.34765625 
   2707.00000000   21034.85937500 
   2708.00000000   27575.33007813 
   2709.00000000   31133.78710938 
   2710.00000000   30859.32421875 
   2711.00000000   27740.65234375 
   2712.00000000   23466.07226563 
   2713.00000000   18364.34960938 
   2714.00000000   12074.25976563 
   2715.00000000    6431.89404297 
   2716.00000000    2791.26147461 
   2717.00000000     513.77343750 
   2718.00000000    -529.00140381 
   2719.00000000   -1008.02313232 
   2720.00000000   -2032.64929199 
   2721.00000000   -4904.93750000 
   2722.00000000  -10060.00683594 
   2723.00000000  -16702.28320313 
   2724.00000000  -23416.29492188 
   2725.00000000  -28616.28125000 
   2726.00000000  -31146.97265625 
   2727.00000000  -30813.25585938 
   2728.00000000  -27530.06054688 
   2729.00000000  -21515.86132813 
   2730.00000000  -13564.12792969 
   2731.00000000   -4272.30371094 
   2732.00000000    3740.44458008 
   2733.00000000    5825.63671875 
   2734.00000000     131.19161987 
   2735.00000000  -12384.43945313 
   2736.00000000  -29880.88476563 
   2737.00000000  -49520.99218750 
   2738.00000000  -69133.07812500 
   2739.00000000  -87279.64843750 
   2740.00000000 -103031.97656250 
   2741.00000000 -116684.52343750 
   2742.00000000 -125689.76562500 
   2743.00000000 -125412.52343750 
   2744.00000000 -112354.93750000 
   2745.00000000  -86517.16406250 
   2746.00000000  -51904.70312500 
   2747.00000000  -11591.66894531 
   2748.00000000   35648.29296875 
   2749.00000000   91691.89843750 
   2750.00000000  155588.39062500 
   2751.00000000  223805.07812500 
   2752.00000000  291405.84375000 
   2753.00000000  350617.09375000 
   2754.00000000  390721.90625000 
   2755.00000000  402953.06250000 
   2756.00000000  386805.06250000 
   2757.00000000  349164.46875000 
   2758.00000000  297378.46875000 
   2759.00000000  235654.90625000 
   2760.00000000  167930.40625000 
   2761.00000000  100957.74218750 
   2762.00000000   40502.92968750 
   2763.00000000  -11827.69531250 
   2764.00000000  -55446.68750000 
   2765.00000000  -86366.68750000 
   2766.00000000 -100794.17187500 
   2767.00000000 -100853.41406250 
   2768.00000000  -92901.17968750 
   2769.00000000  -80342.89843750 
   2770.00000000  -61528.18750000 
   2771.00000000  -37243.84765625 
   2772.00000000  -13310.45117188 
   2773.00000000    5214.15136719 
   2774.00000000   17150.67187500 
   2775.00000000   21388.98828125 
   2776.00000000   13598.66113281 
   2777.00000000   -9042.26562500 
   2778.00000000  -40873.34765625 
   2779.00000000  -70800.07812500 
   2780.00000000  -92149.43750000 
   2781.00000000 -106122.48437500 
   2782.00000000 -115642.53906250 
   2783.00000000 -119284.29687500 
   2784.00000000 -114781.25000000 
   2785.00000000 -103523.43750000 
   2786.00000000  -87824.50000000 
   2787.00000000  -67607.30468750 
   2788.00000000  -41882.69531250 
   2789.00000000  -12439.35937500 
   2790.00000000   15803.13867188 
   2791.00000000   38706.19140625 
   2792.00000000   55416.00781250 
   2793.00000000   66743.12500000 
   2794.00000000   72352.86718750 
   2795.00000000   71302.70312500 
   2796.00000000   64042.19140625 
   2797.00000000   52230.11328125 
   2798.00000000   37765.67187500 
   2799.00000000   22233.84570313 
   2800.00000000    7011.31201172 
   2801.00000000   -6960.23925781 
   2802.00000000  -19040.20312500 
   2803.00000000  -28388.29687500 
   2804.00000000  -34143.77343750 
   2805.00000000  -36650.69140625 
   2806.00000000  -37329.03125000 
   2807.00000000  -37093.62109375 
   2808.00000000  -35574.16796875 
   2809.00000000  -31921.57421875 
   2810.00000000  -26442.20507813 
   2811.00000000  -20355.87304688 
   2812.00000000  -14650.48339844 
   2813.00000000   -9435.47167969 
   2814.00000000   -4568.28076172 
   2815.00000000    -263.99835205 
   2816.00000000    3338.03271484 
   2817.00000000    6525.04882813 
   2818.00000000    9644.48046875 
   2819.00000000   12620.96386719 
   2820.00000000   15710.48437500 
   2821.00000000   18131.02734375 
   2822.00000000   18602.00195313 
   2823.00000000   17776.31445313 
   2824.00000000   15867.06347656 
   2825.00000000   13165.68261719 
   2826.00000000   10202.12109375 
   2827.00000000    7229.07861328 
   2828.00000000    5103.29589844 
   2829.00000000    4688.63525391 
   2830.00000000    5127.27685547 
   2831.00000000    4054.11914063 
   2832.00000000     312.44494629 
   2833.00000000   -4991.30078125 
   2834.00000000   -9487.16210938 
   2835.00000000  -11955.09667969 
   2836.00000000  -12436.97558594 
   2837.00000000  -11313.74707031 
   2838.00000000   -8614.84472656 
   2839.00000000   -4537.07958984 
   2840.00000000    -334.25421143 
   2841.00000000    2383.98559570 
   2842.00000000    4052.91308594 
   2843.00000000    6164.07226563 
   2844.00000000    7952.93408203 
   2845.00000000    8286.67187500 
   2846.00000000    6540.48925781 
   2847.00000000    3693.35864258 
   2848.00000000    1359.96447754 
   2849.00000000      37.58428955 
   2850.00000000   -1439.33374023 
   2851.00000000   -4173.53759766 
   2852.00000000   -7497.69677734 
   2853.00000000  -10443.29687500 
   2854.00000000  -12910.77929688 
   2855.00000000  -15680.63183594 
   2856.00000000  -18403.93554688 
   2857.00000000  -19544.08789063 
   2858.00000000  -18668.92382813 
   2859.00000000  -16395.89453125 
   2860.00000000  -13377.50097656 
   2861.00000000   -9849.51464844 
   2862.00000000   -5950.70458984 
   2863.00000000   -2658.82812500 
   2864.00000000    -834.17053223 
   2865.00000000    -403.82489014 
   2866.00000000    -976.36505127 
   2867.00000000   -2331.61523438 
   2868.00000000   -4304.08886719 
   2869.00000000   -6532.76416016 
   2870.00000000   -8859.00781250 
   2871.00000000  -11642.59765625 
   2872.00000000  -14932.96777344 
   2873.00000000  -17985.46679688 
   2874.00000000  -19698.29882813 
   2875.00000000  -19736.81250000 
   2876.00000000  -18673.61523438 
   2877.00000000  -17245.25195313 
   2878.00000000  -15207.40039063 
   2879.00000000  -11727.05859375 
   2880.00000000   -6866.18164063 
   2881.00000000   -1652.10437012 
   2882.00000000    3159.39819336 
   2883.00000000    6897.59570313 
   2884.00000000    8524.11718750 
   2885.00000000    7396.41162109 
   2886.00000000    4104.02929688 
   2887.00000000     705.14263916 
   2888.00000000    -906.46838379 
   2889.00000000    -490.54895020 
   2890.00000000     926.02069092 
   2891.00000000    2619.87792969 
   2892.00000000    4479.82568359 
   2893.00000000    7242.49072266 
   2894.00000000   11184.89550781 
   2895.00000000   15396.38867188 
   2896.00000000   18547.88085938 
   2897.00000000   20169.08398438 
   2898.00000000   20913.27148438 
   2899.00000000   20638.81835938 
   2900.00000000   18566.29492188 
   2901.00000000   14556.29101563 
   2902.00000000    9335.21679688 
   2903.00000000    3635.15454102 
   2904.00000000   -2793.60986328 
   2905.00000000  -10484.97265625 
   2906.00000000  -17829.09765625 
   2907.00000000  -22595.99414063 
   2908.00000000  -24439.06835938 
   2909.00000000  -24681.00390625 
   2910.00000000  -24221.21679688 
   2911.00000000  -22410.74218750 
   2912.00000000  -18419.32031250 
   2913.00000000  -13261.49316406 
   2914.00000000   -8292.57031250 
   2915.00000000   -3991.72338867 
   2916.00000000      97.04301453 
   2917.00000000    3437.56250000 
   2918.00000000    3943.49707031 
   2919.00000000     -54.23094940 
   2920.00000000   -8170.48046875 
   2921.00000000  -18411.89062500 
   2922.00000000  -28990.12695313 
   2923.00000000  -38618.42968750 
   2924.00000000  -45519.82031250 
   2925.00000000  -47914.16406250 
   2926.00000000  -45582.18359375 
   2927.00000000  -39776.71875000 
   2928.00000000  -32135.95507813 
   2929.00000000  -23544.12500000 
   2930.00000000  -13888.38769531 
   2931.00000000   -3300.79370117 
   2932.00000000    7686.99804688 
   2933.00000000   17795.73242188 
   2934.00000000   25182.36328125 
   2935.00000000   28931.99414063 
   2936.00000000   29213.01562500 
   2937.00000000   26599.53906250 
   2938.00000000   20800.57617188 
   2939.00000000   11104.48925781 
   2940.00000000   -1668.64306641 
   2941.00000000  -15808.88671875 
   2942.00000000  -29980.30664063 
   2943.00000000  -43084.66015625 
   2944.00000000  -54021.04687500 
   2945.00000000  -61282.72265625 
   2946.00000000  -64575.22656250 
   2947.00000000  -65900.50000000 
   2948.00000000  -67062.89062500 
   2949.00000000  -67324.46875000 
   2950.00000000  -64122.02734375 
   2951.00000000  -55862.91796875 
   2952.00000000  -43765.33593750 
   2953.00000000  -31163.20703125 
   2954.00000000  -21569.08984375 
   2955.00000000  -16475.00000000 
   2956.00000000  -15735.56054688 
   2957.00000000  -18756.96093750 
   2958.00000000  -24080.82226563 
   2959.00000000  -29461.83203125 
   2960.00000000  -32735.89062500 
   2961.00000000  -33201.71484375 
   2962.00000000  -31787.23437500 
   2963.00000000  -30088.79296875 
   2964.00000000  -28353.36132813 
   2965.00000000  -25213.82226563 
   2966.00000000  -19268.59570313 
   2967.00000000  -11024.00000000 
   2968.00000000    -952.24859619 
   2969.00000000   11630.37792969 
   2970.00000000   26819.79882813 
   2971.00000000   43044.85937500 
   2972.00000000   58364.77343750 
   2973.00000000   72256.64062500 
   2974.00000000   85833.67187500 
   2975.00000000   99407.80468750 
   2976.00000000  110869.94531250 
   2977.00000000  117795.46875000 
   2978.00000000  119145.68750000 
   2979.00000000  114961.93750000 
   2980.00000000  105740.29687500 
   2981.00000000   92089.11718750 
   2982.00000000   74977.88281250 
   2983.00000000   54980.28515625 
   2984.00000000   32530.54882813 
   2985.00000000    8415.26171875 
   2986.00000000  -15770.00000000 
   2987.00000000  -37892.00000000 
   2988.00000000  -56773.17187500 
   2989.00000000  -71523.08593750 
   2990.00000000  -80435.46093750 
   2991.00000000  -82630.81250000 
   2992.00000000  -78816.04687500 
   2993.00000000  -71393.96093750 
   2994.00000000  -61954.01562500 
   2995.00000000  -48975.88671875 
   2996.00000000  -33154.48046875 
   2997.00000000  -19016.51562500 
   2998.00000000   -6612.69726563 
   2999.00000000    5092.87060547 
   3000.00000000   13605.12402344 
   3001.00000000   17024.27929688 
   3002.00000000   15011.64648438 
   3003.00000000    8192.71386719 
   3004.00000000    -462.85815430 
   3005.00000000  -10179.02832031 
   3006.00000000  -22020.62109375 
   3007.00000000  -34843.58984375 
   3008.00000000  -47284.16406250 
   3009.00000000  -58418.54687500 
   3010.00000000  -67630.14062500 
   3011.00000000  -73983.26562500 
   3012.00000000  -75224.10937500 
   3013.00000000  -73444.62500000 
   3014.00000000  -70933.60156250 
   3015.00000000  -70053.40625000 
   3016.00000000  -70253.81250000 
   3017.00000000  -69700.46093750 
   3018.00000000  -67497.75781250 
   3019.00000000  -64332.41796875 
   3020.00000000  -59389.80078125 
   3021.00000000  -51175.01953125 
   3022.00000000  -40149.10546875 
   3023.00000000  -27542.40625000 
   3024.00000000  -13242.22656250 
   3025.00000000    4324.18652344 
   3026.00000000   24565.32421875 
   3027.00000000   44778.51171875 
   3028.00000000   63446.23046875 
   3029.00000000   81027.09375000 
   3030.00000000   98317.39843750 
   3031.00000000  115116.37500000 
   3032.00000000  128893.27343750 
   3033.00000000  135772.56250000 
   3034.00000000  134271.73437500 
   3035.00000000  125498.21093750 
   3036.00000000  112394.76562500 
   3037.00000000   96144.46875000 
   3038.00000000   76684.06250000 
   3039.00000000   56007.12109375 
   3040.00000000   37540.11718750 
   3041.00000000   21626.63281250 
   3042.00000000    5628.88427734 
   3043.00000000  -10829.53515625 
   3044.00000000  -23942.33007813 
   3045.00000000  -31232.37500000 
   3046.00000000  -35147.25390625 
   3047.00000000  -37728.68359375 
   3048.00000000  -36396.65625000 
   3049.00000000  -28335.63085938 
   3050.00000000  -18651.29492188 
   3051.00000000  -15027.52929688 
   3052.00000000  -14431.62402344 
   3053.00000000   -9100.61523438 
   3054.00000000      40.96557617 
   3055.00000000    2275.18334961 
   3056.00000000  -12412.97949219 
   3057.00000000  -43290.60156250 
   3058.00000000  -83359.96093750 
   3059.00000000 -129196.39843750 
   3060.00000000 -175891.34375000 
   3061.00000000 -212047.10937500 
   3062.00000000 -228964.21875000 
   3063.00000000 -232053.81250000 
   3064.00000000 -236611.42187500 
   3065.00000000 -244936.67187500 
   3066.00000000 -244240.60937500 
   3067.00000000 -229429.37500000 
   3068.00000000 -209581.29687500 
   3069.00000000 -193976.65625000 
   3070.00000000 -178616.71875000 
   3071.00000000 -155391.95312500 
   3072.00000000 -127289.25781250 
   3073.00000000 -104854.86718750 
   3074.00000000  -93257.01562500 
   3075.00000000  -91713.78125000 
   3076.00000000 -104173.11718750 
   3077.00000000 -137345.70312500 
   3078.00000000 -182558.57812500 
   3079.00000000 -214542.95312500 
   3080.00000000 -213079.85937500 
   3081.00000000 -181360.85937500 
   3082.00000000 -137344.09375000 
   3083.00000000  -92549.28906250 
   3084.00000000  -45557.39453125 
   3085.00000000    7401.04687500 
   3086.00000000   64555.18359375 
   3087.00000000  121708.59375000 
   3088.00000000  176389.54687500 
   3089.00000000  224074.18750000 
   3090.00000000  256329.45312500 
   3091.00000000  267161.31250000 
   3092.00000000  259727.26562500 
   3093.00000000  242322.26562500 
   3094.00000000  217942.23437500 
   3095.00000000  181387.64062500 
   3096.00000000  129450.85156250 
   3097.00000000   69396.11718750 
   3098.00000000   15501.57031250 
   3099.00000000  -21362.16406250 
   3100.00000000  -40028.59765625 
   3101.00000000  -42434.87500000 
   3102.00000000  -28054.40234375 
   3103.00000000     814.47064209 
   3104.00000000   36956.24218750 
   3105.00000000   74032.33593750 
   3106.00000000  111583.23437500 
   3107.00000000  149394.70312500 
   3108.00000000  178923.95312500 
   3109.00000000  188266.76562500 
   3110.00000000  177160.01562500 
   3111.00000000  157394.98437500 
   3112.00000000  135603.01562500 
   3113.00000000  103476.09375000 
   3114.00000000   51240.36718750 
   3115.00000000  -15751.63281250 
   3116.00000000  -85758.91406250 
   3117.00000000 -156812.82812500 
   3118.00000000 -232128.70312500 
   3119.00000000 -301388.18750000 
   3120.00000000 -340454.84375000 
   3121.00000000 -338450.71875000 
   3122.00000000 -309679.25000000 
   3123.00000000 -272669.40625000 
   3124.00000000 -228925.34375000 
   3125.00000000 -168995.57812500 
   3126.00000000  -95491.10937500 
   3127.00000000  -25273.98242188 
   3128.00000000   36140.07031250 
   3129.00000000   97346.46875000 
   3130.00000000  156929.51562500 
   3131.00000000  199278.04687500 
   3132.00000000  212793.85937500 
   3133.00000000  202373.56250000 
   3134.00000000  182665.03125000 
   3135.00000000  158006.54687500 
   3136.00000000  121897.67968750 
   3137.00000000   74523.90625000 
   3138.00000000   27136.83398438 
   3139.00000000  -12158.02050781 
   3140.00000000  -46256.43359375 
   3141.00000000  -80236.39062500 
   3142.00000000 -109930.70312500 
   3143.00000000 -130287.80468750 
   3144.00000000 -140215.17187500 
   3145.00000000 -143629.42187500 
   3146.00000000 -141952.03125000 
   3147.00000000 -132815.40625000 
   3148.00000000 -115012.52343750 
   3149.00000000  -91401.86718750 
   3150.00000000  -64417.27734375 
   3151.00000000  -35055.30468750 
   3152.00000000   -5379.29980469 
   3153.00000000   21737.07421875 
   3154.00000000   44714.62109375 
   3155.00000000   65118.09765625 
   3156.00000000   82866.60937500 
   3157.00000000   94688.05468750 
   3158.00000000   99483.03125000 
   3159.00000000   99972.72656250 
   3160.00000000   97669.14062500 
   3161.00000000   90152.84375000 
   3162.00000000   75035.28906250 
   3163.00000000   53868.99609375 
   3164.00000000   31068.16796875 
   3165.00000000    8981.76562500 
   3166.00000000  -10796.44238281 
   3167.00000000  -24959.64648438 
   3168.00000000  -28699.58007813 
   3169.00000000  -19117.42578125 
   3170.00000000    1859.05297852 
   3171.00000000   28210.40625000 
   3172.00000000   56881.37500000 
   3173.00000000   88481.01562500 
   3174.00000000  119668.14843750 
   3175.00000000  144079.59375000 
   3176.00000000  156984.48437500 
   3177.00000000  160113.17187500 
   3178.00000000  158336.37500000 
   3179.00000000  154243.10937500 
   3180.00000000  146856.34375000 
   3181.00000000  134319.51562500 
   3182.00000000  119306.64843750 
   3183.00000000  105858.14062500 
   3184.00000000   94522.17187500 
   3185.00000000   84480.90625000 
   3186.00000000   74004.27343750 
   3187.00000000   61940.03125000 
   3188.00000000   49516.28125000 
   3189.00000000   36304.10937500 
   3190.00000000   19986.40820313 
   3191.00000000   -2644.98706055 
   3192.00000000  -31732.60156250 
   3193.00000000  -63684.78906250 
   3194.00000000  -98823.46093750 
   3195.00000000 -139308.85937500 
   3196.00000000 -183225.64062500 
   3197.00000000 -227677.21875000 
   3198.00000000 -270092.21875000 
   3199.00000000 -309254.50000000 
   3200.00000000 -342271.53125000 
   3201.00000000 -362232.25000000 
   3202.00000000 -361340.53125000 
   3203.00000000 -338304.43750000 
   3204.00000000 -300925.68750000 
   3205.00000000 -256573.51562500 
   3206.00000000 -206494.95312500 
   3207.00000000 -151615.20312500 
   3208.00000000  -93989.72656250 
   3209.00000000  -36481.53515625 
   3210.00000000   18862.41601563 
   3211.00000000   70459.97656250 
   3212.00000000  114603.00781250 
   3213.00000000  149095.34375000 
   3214.00000000  174915.57812500 
   3215.00000000  193900.17187500 
   3216.00000000  206037.71875000 
   3217.00000000  208502.59375000 
   3218.00000000  199797.78125000 
   3219.00000000  182443.67187500 
   3220.00000000  158597.25000000 
   3221.00000000  127574.89062500 
   3222.00000000   89970.85937500 
   3223.00000000   49781.55859375 
   3224.00000000   12688.49609375 
   3225.00000000  -19424.65234375 
   3226.00000000  -47839.70312500 
   3227.00000000  -71845.46875000 
   3228.00000000  -89044.46875000 
   3229.00000000  -96678.26562500 
   3230.00000000  -97035.82812500 
   3231.00000000  -93613.57812500 
   3232.00000000  -82964.03906250 
   3233.00000000  -60998.33203125 
   3234.00000000  -31422.55078125 
   3235.00000000   -2751.72998047 
   3236.00000000   23253.76171875 
   3237.00000000   49182.78515625 
   3238.00000000   76651.28125000 
   3239.00000000  102581.19531250 
   3240.00000000  123791.21093750 
   3241.00000000  140075.71875000 
   3242.00000000  152995.21875000 
   3243.00000000  162489.21875000 
   3244.00000000  166322.37500000 
   3245.00000000  164797.07812500 
   3246.00000000  156432.28125000 
   3247.00000000  138425.34375000 
   3248.00000000  110786.85156250 
   3249.00000000   77123.35937500 
   3250.00000000   42930.26953125 
   3251.00000000   11281.28808594 
   3252.00000000  -17157.16015625 
   3253.00000000  -41364.28906250 
   3254.00000000  -61080.69921875 
   3255.00000000  -81561.75000000 
   3256.00000000 -107974.05468750 
   3257.00000000 -136548.75000000 
   3258.00000000 -156988.31250000 
   3259.00000000 -162928.71875000 
   3260.00000000 -158749.82812500 
   3261.00000000 -149805.92187500 
   3262.00000000 -135901.10937500 
   3263.00000000 -116113.32812500 
   3264.00000000  -93179.22656250 
   3265.00000000  -73035.60937500 
   3266.00000000  -57955.69921875 
   3267.00000000  -43065.94921875 
   3268.00000000  -24651.86523438 
   3269.00000000   -7759.52392578 
   3270.00000000    -114.88491821 
   3271.00000000   -1218.13317871 
   3272.00000000   -2442.69897461 
   3273.00000000     727.38122559 
   3274.00000000    5537.47900391 
   3275.00000000   10227.35449219 
   3276.00000000   18698.29101563 
   3277.00000000   35072.97265625 
   3278.00000000   56103.27734375 
   3279.00000000   74525.35937500 
   3280.00000000   86045.25781250 
   3281.00000000   91400.27343750 
   3282.00000000   91192.35156250 
   3283.00000000   82971.68750000 
   3284.00000000   64655.75000000 
   3285.00000000   40024.28906250 
   3286.00000000   19260.77539063 
   3287.00000000    7819.70800781 
   3288.00000000    3122.80444336 
   3289.00000000    1738.95776367 
   3290.00000000    1037.56079102 
   3291.00000000    -274.85739136 
   3292.00000000   -2623.55053711 
   3293.00000000   -7008.94042969 
   3294.00000000   -9677.60058594 
   3295.00000000   -4255.44482422 
   3296.00000000   10258.54199219 
   3297.00000000   28678.78320313 
   3298.00000000   42267.62109375 
   3299.00000000   49062.35156250 
   3300.00000000   51909.98437500 
   3301.00000000   47180.38671875 
   3302.00000000   31005.41796875 
   3303.00000000    9210.15234375 
   3304.00000000   -9062.76562500 
   3305.00000000  -19405.38476563 
   3306.00000000  -24095.79492188 
   3307.00000000  -24209.93359375 
   3308.00000000  -15685.32714844 
   3309.00000000    1408.74328613 
   3310.00000000   17319.76953125 
   3311.00000000   25092.52148438 
   3312.00000000   27424.27148438 
   3313.00000000   28837.23828125 
   3314.00000000   26321.18164063 
   3315.00000000   13424.60253906 
   3316.00000000   -7968.56494141 
   3317.00000000  -28976.18750000 
   3318.00000000  -44898.30078125 
   3319.00000000  -58779.82812500 
   3320.00000000  -73286.60156250 
   3321.00000000  -86367.32031250 
   3322.00000000  -93419.89843750 
   3323.00000000  -91909.96093750 
   3324.00000000  -82006.63281250 
   3325.00000000  -64450.42187500 
   3326.00000000  -40424.77343750 
   3327.00000000  -12519.19628906 
   3328.00000000   15973.79980469 
   3329.00000000   42910.04296875 
   3330.00000000   68364.88281250 
   3331.00000000   92909.98437500 
   3332.00000000  115704.03906250 
   3333.00000000  133057.03125000 
   3334.00000000  139103.18750000 
   3335.00000000  133274.87500000 
   3336.00000000  122364.39062500 
   3337.00000000  110536.03906250 
   3338.00000000   94379.25000000 
   3339.00000000   71147.88281250 
   3340.00000000   48034.62109375 
   3341.00000000   37461.58593750 
   3342.00000000   40719.12500000 
   3343.00000000   47921.01953125 
   3344.00000000   52396.55078125 
   3345.00000000   57521.16015625 
   3346.00000000   67140.97656250 
   3347.00000000   76290.79687500 
   3348.00000000   78863.92968750 
   3349.00000000   79081.59375000 
   3350.00000000   81886.05468750 
   3351.00000000   77145.59375000 
   3352.00000000   47845.08203125 
   3353.00000000   -8164.25390625 
   3354.00000000  -73818.29687500 
   3355.00000000 -135289.43750000 
   3356.00000000 -197162.34375000 
   3357.00000000 -268954.25000000 
   3358.00000000 -347311.62500000 
   3359.00000000 -416338.87500000 
   3360.00000000 -464973.34375000 
   3361.00000000 -491473.06250000 
   3362.00000000 -490058.84375000 
   3363.00000000 -450057.53125000 
   3364.00000000 -372209.21875000 
   3365.00000000 -274025.09375000 
   3366.00000000 -170298.40625000 
   3367.00000000  -65397.35156250 
   3368.00000000   39978.12890625 
   3369.00000000  139748.56250000 
   3370.00000000  226522.12500000 
   3371.00000000  297856.62500000 
   3372.00000000  353221.00000000 
   3373.00000000  387558.12500000 
   3374.00000000  393849.37500000 
   3375.00000000  373010.84375000 
   3376.00000000  329512.25000000 
   3377.00000000  264796.37500000 
   3378.00000000  181183.65625000 
   3379.00000000   89555.21875000 
   3380.00000000    6457.37500000 
