       TWT             Trace      
       ms       
   2637.00000000  -23904.53125000 
   2638.00000000  -54272.55078125 
   2639.00000000  -84633.42187500 
   2640.00000000 -113192.50781250 
   2641.00000000 -138935.96875000 
   2642.00000000 -162282.12500000 
   2643.00000000 -182888.93750000 
   2644.00000000 -197092.60937500 
   2645.00000000 -198650.25000000 
   2646.00000000 -183056.93750000 
   2647.00000000 -151622.14062500 
   2648.00000000 -111650.56250000 
   2649.00000000  -73633.08593750 
   2650.00000000  -47378.94140625 
   2651.00000000  -37925.59765625 
   2652.00000000  -42841.87500000 
   2653.00000000  -54059.07421875 
   2654.00000000  -63287.90234375 
   2655.00000000  -66511.35156250 
   2656.00000000  -64340.39062500 
   2657.00000000  -58831.51562500 
   2658.00000000  -52387.34765625 
   2659.00000000  -48386.51953125 
   2660.00000000  -49715.72656250 
   2661.00000000  -55512.06250000 
   2662.00000000  -60780.97656250 
   2663.00000000  -60663.47656250 
   2664.00000000  -54054.93359375 
   2665.00000000  -42335.90625000 
   2666.00000000  -25840.10937500 
   2667.00000000   -3896.56909180 
   2668.00000000   22491.92968750 
   2669.00000000   50325.51953125 
   2670.00000000   77193.75000000 
   2671.00000000  102629.92187500 
   2672.00000000  126586.29687500 
   2673.00000000  148085.09375000 
   2674.00000000  166070.76562500 
   2675.00000000  180559.73437500 
   2676.00000000  191448.76562500 
   2677.00000000  197171.07812500 
   2678.00000000  195950.14062500 
   2679.00000000  187144.78125000 
   2680.00000000  169688.98437500 
   2681.00000000  140144.17187500 
   2682.00000000   95285.03906250 
   2683.00000000   38097.32812500 
   2684.00000000  -21030.96484375 
   2685.00000000  -70620.17968750 
   2686.00000000 -104938.92187500 
   2687.00000000 -124648.26562500 
   2688.00000000 -132636.60937500 
   2689.00000000 -131478.48437500 
   2690.00000000 -124351.84375000 
   2691.00000000 -114948.81250000 
   2692.00000000 -104542.05468750 
   2693.00000000  -90990.07031250 
   2694.00000000  -72455.43750000 
   2695.00000000  -51231.84765625 
   2696.00000000  -32362.52929688 
   2697.00000000  -18869.77929688 
   2698.00000000   -9946.56835938 
   2699.00000000   -4045.36035156 
   2700.00000000   -1635.27478027 
   2701.00000000   -3666.21972656 
   2702.00000000   -9061.79687500 
   2703.00000000  -15417.36230469 
   2704.00000000  -21362.05859375 
   2705.00000000  -26955.93359375 
   2706.00000000  -31977.50781250 
   2707.00000000  -34969.10937500 
   2708.00000000  -34803.57812500 
   2709.00000000  -32327.53515625 
   2710.00000000  -29660.35351563 
   2711.00000000  -28009.72851563 
   2712.00000000  -27867.95898438 
   2713.00000000  -29673.45117188 
   2714.00000000  -33076.64843750 
   2715.00000000  -36382.16406250 
   2716.00000000  -37649.36718750 
   2717.00000000  -36342.67187500 
   2718.00000000  -33985.34765625 
   2719.00000000  -32999.75781250 
   2720.00000000  -34486.67578125 
   2721.00000000  -37213.07031250 
   2722.00000000  -39195.94140625 
   2723.00000000  -39856.16406250 
   2724.00000000  -39393.42578125 
   2725.00000000  -37895.65625000 
   2726.00000000  -35690.39843750 
   2727.00000000  -33445.01562500 
   2728.00000000  -31932.49023438 
   2729.00000000  -31307.69531250 
   2730.00000000  -30398.74023438 
   2731.00000000  -27839.76171875 
   2732.00000000  -23136.95898438 
   2733.00000000  -16647.40234375 
   2734.00000000   -9081.83886719 
   2735.00000000    -914.08367920 
   2736.00000000    7745.72705078 
   2737.00000000   17222.65429688 
   2738.00000000   27350.41796875 
   2739.00000000   36967.01953125 
   2740.00000000   44779.58593750 
   2741.00000000   50361.56640625 
   2742.00000000   54234.48437500 
   2743.00000000   56636.33203125 
   2744.00000000   57090.77343750 
   2745.00000000   55463.76171875 
   2746.00000000   52719.72265625 
   2747.00000000   50356.89453125 
   2748.00000000   48759.79296875 
   2749.00000000   46099.55859375 
   2750.00000000   40044.78515625 
   2751.00000000   30286.54101563 
   2752.00000000   18837.74218750 
   2753.00000000    8436.43652344 
   2754.00000000     253.45066833 
   2755.00000000   -6228.04101563 
   2756.00000000  -11611.07226563 
   2757.00000000  -15526.53515625 
   2758.00000000  -17047.66601563 
   2759.00000000  -16560.33984375 
   2760.00000000  -15516.21972656 
   2761.00000000  -14425.58203125 
   2762.00000000  -12342.73046875 
   2763.00000000   -8165.10986328 
   2764.00000000   -2525.23071289 
   2765.00000000    2566.38842773 
   2766.00000000    5807.62207031 
   2767.00000000    7648.08544922 
   2768.00000000    9252.89355469 
   2769.00000000   10892.09667969 
   2770.00000000   12074.64746094 
   2771.00000000   12326.89746094 
   2772.00000000   11661.58105469 
   2773.00000000   10543.24707031 
   2774.00000000    9007.21289063 
   2775.00000000    6466.18017578 
   2776.00000000    2691.78076172 
   2777.00000000   -1703.01281738 
   2778.00000000   -5680.71728516 
   2779.00000000   -8865.78027344 
   2780.00000000  -11529.25000000 
   2781.00000000  -13740.79492188 
   2782.00000000  -14582.05371094 
   2783.00000000  -13124.33496094 
   2784.00000000   -9721.95898438 
   2785.00000000   -5296.15625000 
   2786.00000000    -652.13708496 
   2787.00000000    4069.31079102 
   2788.00000000    9090.31640625 
   2789.00000000   14456.17382813 
   2790.00000000   20039.93359375 
   2791.00000000   25352.61132813 
   2792.00000000   29414.36914063 
   2793.00000000   30716.33203125 
   2794.00000000   28048.92773438 
   2795.00000000   21568.65625000 
   2796.00000000   12516.32031250 
   2797.00000000    2061.00585938 
   2798.00000000   -9326.34375000 
   2799.00000000  -21237.22656250 
   2800.00000000  -32583.83203125 
   2801.00000000  -42059.94921875 
   2802.00000000  -48921.48437500 
   2803.00000000  -53304.84765625 
   2804.00000000  -55737.19921875 
   2805.00000000  -56235.21484375 
   2806.00000000  -54271.37890625 
   2807.00000000  -49400.19140625 
   2808.00000000  -41333.36718750 
   2809.00000000  -30450.28515625 
   2810.00000000  -17962.30273438 
   2811.00000000   -5584.03125000 
   2812.00000000    4650.52734375 
   2813.00000000   11730.66308594 
   2814.00000000   16114.04882813 
   2815.00000000   18835.38281250 
   2816.00000000   20666.33007813 
   2817.00000000   21645.29101563 
   2818.00000000   21373.83984375 
   2819.00000000   19874.98632813 
   2820.00000000   17744.34765625 
   2821.00000000   15348.64941406 
   2822.00000000   12551.49023438 
   2823.00000000    9264.18554688 
   2824.00000000    5857.15722656 
   2825.00000000    2746.30029297 
   2826.00000000      14.34710693 
   2827.00000000   -2447.44946289 
   2828.00000000   -4434.66308594 
   2829.00000000   -5539.06835938 
   2830.00000000   -6074.57861328 
   2831.00000000   -6900.33496094 
   2832.00000000   -8395.99707031 
   2833.00000000  -10256.72265625 
   2834.00000000  -12038.54980469 
   2835.00000000  -13417.83691406 
   2836.00000000  -14194.94726563 
   2837.00000000  -14090.57226563 
   2838.00000000  -13189.19335938 
   2839.00000000  -12255.17285156 
   2840.00000000  -11846.60742188 
   2841.00000000  -11304.69335938 
   2842.00000000   -9233.62988281 
   2843.00000000   -5248.22705078 
   2844.00000000    -968.30206299 
   2845.00000000    1286.62170410 
   2846.00000000     520.58050537 
   2847.00000000   -2607.32690430 
   2848.00000000   -7181.66601563 
   2849.00000000  -13360.72851563 
   2850.00000000  -21814.73242188 
   2851.00000000  -31972.77343750 
   2852.00000000  -41987.51953125 
   2853.00000000  -50128.95312500 
   2854.00000000  -55739.96093750 
   2855.00000000  -58776.31640625 
   2856.00000000  -58787.29687500 
   2857.00000000  -55136.98437500 
   2858.00000000  -47718.35546875 
   2859.00000000  -37064.80468750 
   2860.00000000  -23443.79101563 
   2861.00000000   -6777.25634766 
   2862.00000000   12134.60351563 
   2863.00000000   31229.95507813 
   2864.00000000   48357.05468750 
   2865.00000000   62639.87109375 
   2866.00000000   74119.52343750 
   2867.00000000   82012.05468750 
   2868.00000000   84475.71875000 
   2869.00000000   80269.42187500 
   2870.00000000   70092.70312500 
   2871.00000000   55492.94531250 
   2872.00000000   37314.99609375 
   2873.00000000   16771.78125000 
   2874.00000000   -4309.37255859 
   2875.00000000  -24012.27343750 
   2876.00000000  -41390.23437500 
   2877.00000000  -56535.22265625 
   2878.00000000  -69342.45312500 
   2879.00000000  -78241.70312500 
   2880.00000000  -80880.84375000 
   2881.00000000  -76695.37500000 
   2882.00000000  -67289.53125000 
   2883.00000000  -54931.96875000 
   2884.00000000  -41088.17968750 
   2885.00000000  -25737.71484375 
   2886.00000000   -8069.65478516 
   2887.00000000   11467.61230469 
   2888.00000000   31441.50585938 
   2889.00000000   50517.68359375 
   2890.00000000   67297.02343750 
   2891.00000000   80598.21093750 
   2892.00000000   89050.22656250 
   2893.00000000   92059.93750000 
   2894.00000000   90452.96875000 
   2895.00000000   85284.38281250 
   2896.00000000   76784.71093750 
   2897.00000000   64945.29687500 
   2898.00000000   50712.99218750 
   2899.00000000   34769.17968750 
   2900.00000000   17649.85351563 
   2901.00000000     538.03210449 
   2902.00000000  -15311.51757813 
   2903.00000000  -28889.65625000 
   2904.00000000  -39939.33203125 
   2905.00000000  -48994.19140625 
   2906.00000000  -56473.64843750 
   2907.00000000  -62142.10156250 
   2908.00000000  -64994.30078125 
   2909.00000000  -63281.62890625 
   2910.00000000  -55672.65234375 
   2911.00000000  -42636.94140625 
   2912.00000000  -26349.77148438 
   2913.00000000   -8891.20898438 
   2914.00000000    9344.07421875 
   2915.00000000   29116.45507813 
   2916.00000000   50659.20312500 
   2917.00000000   72931.94531250 
   2918.00000000   93745.40625000 
   2919.00000000  111065.24218750 
   2920.00000000  123434.56250000 
   2921.00000000  129115.78906250 
   2922.00000000  126563.64843750 
   2923.00000000  115514.09375000 
   2924.00000000   97787.57812500 
   2925.00000000   76733.65625000 
   2926.00000000   54790.88671875 
   2927.00000000   32285.78515625 
   2928.00000000    8759.83105469 
   2929.00000000  -15733.34667969 
   2930.00000000  -41188.51953125 
   2931.00000000  -68938.78906250 
   2932.00000000 -100089.63281250 
   2933.00000000 -132038.34375000 
   2934.00000000 -158611.54687500 
   2935.00000000 -174490.95312500 
   2936.00000000 -179403.39062500 
   2937.00000000 -178313.82812500 
   2938.00000000 -176598.14062500 
   2939.00000000 -177266.81250000 
   2940.00000000 -181009.07812500 
   2941.00000000 -186565.31250000 
   2942.00000000 -190980.89062500 
   2943.00000000 -189565.82812500 
   2944.00000000 -178862.00000000 
   2945.00000000 -159846.15625000 
   2946.00000000 -136029.53125000 
   2947.00000000 -109180.00000000 
   2948.00000000  -79008.87500000 
   2949.00000000  -46358.42578125 
   2950.00000000  -14113.81738281 
   2951.00000000   15422.18750000 
   2952.00000000   42742.83984375 
   2953.00000000   69452.99218750 
   2954.00000000   95104.87500000 
   2955.00000000  116906.53125000 
   2956.00000000  131980.85937500 
   2957.00000000  139089.65625000 
   2958.00000000  138682.23437500 
   2959.00000000  132201.35937500 
   2960.00000000  121208.28125000 
   2961.00000000  106281.18750000 
   2962.00000000   86524.64843750 
   2963.00000000   61110.59375000 
   2964.00000000   30822.86523438 
   2965.00000000   -2387.59228516 
   2966.00000000  -36756.47656250 
   2967.00000000  -70801.11718750 
   2968.00000000 -101443.42187500 
   2969.00000000 -122988.95312500 
   2970.00000000 -130028.68750000 
   2971.00000000 -121939.78125000 
   2972.00000000 -103665.82031250 
   2973.00000000  -81009.31250000 
   2974.00000000  -55607.10156250 
   2975.00000000  -24903.33593750 
   2976.00000000   13647.88867188 
   2977.00000000   59669.13671875 
   2978.00000000  110570.36718750 
   2979.00000000  162852.04687500 
   2980.00000000  211779.60937500 
   2981.00000000  250824.98437500 
   2982.00000000  273658.68750000 
   2983.00000000  278084.90625000 
   2984.00000000  266963.84375000 
   2985.00000000  244664.17187500 
   2986.00000000  213686.87500000 
   2987.00000000  175073.15625000 
   2988.00000000  130823.69531250 
   2989.00000000   84034.02343750 
   2990.00000000   36871.07421875 
   2991.00000000   -9801.86035156 
   2992.00000000  -54871.81640625 
   2993.00000000  -96212.32031250 
   2994.00000000 -132100.34375000 
   2995.00000000 -161996.23437500 
   2996.00000000 -184748.04687500 
   2997.00000000 -197251.17187500 
   2998.00000000 -196461.32812500 
   2999.00000000 -183231.81250000 
   3000.00000000 -162463.57812500 
   3001.00000000 -138926.46875000 
   3002.00000000 -114392.45312500 
   3003.00000000  -87773.25781250 
   3004.00000000  -58825.21093750 
   3005.00000000  -30146.63085938 
   3006.00000000   -4654.96923828 
   3007.00000000   17626.83789063 
   3008.00000000   38868.03125000 
   3009.00000000   59931.99218750 
   3010.00000000   78694.35156250 
   3011.00000000   90895.86718750 
   3012.00000000   93654.03125000 
   3013.00000000   87715.35937500 
   3014.00000000   75730.69531250 
   3015.00000000   59355.47656250 
   3016.00000000   39832.25781250 
   3017.00000000   19309.58007813 
   3018.00000000     775.38409424 
   3019.00000000  -13670.56738281 
   3020.00000000  -25149.51171875 
   3021.00000000  -35991.64453125 
   3022.00000000  -46574.68750000 
   3023.00000000  -54700.97265625 
   3024.00000000  -57604.76562500 
   3025.00000000  -54087.41796875 
   3026.00000000  -44357.66406250 
   3027.00000000  -29088.83789063 
   3028.00000000   -9184.62011719 
   3029.00000000   12501.50000000 
   3030.00000000   31828.75976563 
   3031.00000000   46317.38671875 
   3032.00000000   56034.93750000 
   3033.00000000   62056.80468750 
   3034.00000000   64940.52734375 
   3035.00000000   64709.59375000 
   3036.00000000   61564.08203125 
   3037.00000000   55794.14062500 
   3038.00000000   46658.59765625 
   3039.00000000   33051.24218750 
   3040.00000000   15052.00976563 
   3041.00000000   -4933.95703125 
   3042.00000000  -23246.76367188 
   3043.00000000  -37418.87500000 
   3044.00000000  -46819.80468750 
   3045.00000000  -51903.54687500 
   3046.00000000  -53199.46093750 
   3047.00000000  -50912.57812500 
   3048.00000000  -46149.52343750 
   3049.00000000  -40947.63671875 
   3050.00000000  -36597.20312500 
   3051.00000000  -32833.64062500 
   3052.00000000  -28829.63476563 
   3053.00000000  -24725.70898438 
   3054.00000000  -21201.99414063 
   3055.00000000  -17487.36328125 
   3056.00000000  -11422.00000000 
   3057.00000000   -1798.52099609 
   3058.00000000   10355.24707031 
   3059.00000000   22900.55664063 
   3060.00000000   34531.28125000 
   3061.00000000   45080.72656250 
   3062.00000000   54313.23828125 
   3063.00000000   61780.15234375 
   3064.00000000   67108.61718750 
   3065.00000000   69891.27343750 
   3066.00000000   70035.00781250 
   3067.00000000   67437.52343750 
   3068.00000000   62356.06640625 
   3069.00000000   55371.55468750 
   3070.00000000   47108.27734375 
   3071.00000000   37972.59765625 
   3072.00000000   27140.62304688 
   3073.00000000   13128.38964844 
   3074.00000000   -4245.18603516 
   3075.00000000  -23173.29101563 
   3076.00000000  -40919.60937500 
   3077.00000000  -55583.86718750 
   3078.00000000  -67171.60937500 
   3079.00000000  -77056.52343750 
   3080.00000000  -86023.07812500 
   3081.00000000  -93647.74218750 
   3082.00000000  -99397.37500000 
   3083.00000000 -103207.58593750 
   3084.00000000 -104963.12500000 
   3085.00000000 -103827.60937500 
   3086.00000000  -98944.52343750 
   3087.00000000  -90817.37500000 
   3088.00000000  -80696.31250000 
   3089.00000000  -68752.85937500 
   3090.00000000  -53915.17578125 
   3091.00000000  -35884.35937500 
   3092.00000000  -16767.31054688 
   3093.00000000     501.64077759 
   3094.00000000   14854.80468750 
   3095.00000000   27032.54101563 
   3096.00000000   37624.32031250 
   3097.00000000   45954.59375000 
   3098.00000000   51064.46875000 
   3099.00000000   53239.10937500 
   3100.00000000   53782.25781250 
   3101.00000000   53597.97265625 
   3102.00000000   52711.44140625 
   3103.00000000   51327.08593750 
   3104.00000000   50330.71875000 
   3105.00000000   49770.17578125 
   3106.00000000   47604.67968750 
   3107.00000000   41656.21093750 
   3108.00000000   32037.72460938 
   3109.00000000   20397.40234375 
   3110.00000000    8059.56933594 
   3111.00000000   -4038.29931641 
   3112.00000000  -14512.66699219 
   3113.00000000  -21616.44335938 
   3114.00000000  -25014.62890625 
   3115.00000000  -26556.59570313 
   3116.00000000  -27820.90625000 
   3117.00000000  -28247.83203125 
   3118.00000000  -26458.42187500 
   3119.00000000  -22487.46289063 
   3120.00000000  -17601.43359375 
   3121.00000000  -11939.14257813 
   3122.00000000   -4558.64111328 
   3123.00000000    4503.18798828 
   3124.00000000   13425.33496094 
   3125.00000000   20547.10546875 
   3126.00000000   26153.25195313 
   3127.00000000   31522.80078125 
   3128.00000000   37183.12109375 
   3129.00000000   42185.84375000 
   3130.00000000   45216.22265625 
   3131.00000000   46107.37500000 
   3132.00000000   45785.98046875 
   3133.00000000   45227.19531250 
   3134.00000000   44470.17968750 
   3135.00000000   42645.13281250 
   3136.00000000   38704.65625000 
   3137.00000000   32238.63671875 
   3138.00000000   23544.09570313 
   3139.00000000   13058.33789063 
   3140.00000000    1581.62011719 
   3141.00000000   -9132.58984375 
   3142.00000000  -16962.06250000 
   3143.00000000  -20884.01562500 
   3144.00000000  -21402.61523438 
   3145.00000000  -19698.03515625 
   3146.00000000  -16520.04492188 
   3147.00000000  -12398.50878906 
   3148.00000000   -8153.82568359 
   3149.00000000   -4679.88281250 
   3150.00000000   -2767.61987305 
   3151.00000000   -3380.44580078 
   3152.00000000   -8205.62304688 
   3153.00000000  -18904.26562500 
   3154.00000000  -35613.31250000 
   3155.00000000  -56636.87890625 
   3156.00000000  -79497.78125000 
   3157.00000000 -101901.46875000 
   3158.00000000 -121936.89062500 
   3159.00000000 -137719.51562500 
   3160.00000000 -147123.85937500 
   3161.00000000 -148556.90625000 
   3162.00000000 -141520.93750000 
   3163.00000000 -126485.92187500 
   3164.00000000 -104707.25000000 
   3165.00000000  -78016.88281250 
   3166.00000000  -48213.36718750 
   3167.00000000  -16339.46582031 
   3168.00000000   17286.74218750 
   3169.00000000   51755.22656250 
   3170.00000000   84102.20312500 
   3171.00000000  110043.50000000 
   3172.00000000  126488.48437500 
   3173.00000000  133183.28125000 
   3174.00000000  132267.65625000 
   3175.00000000  126061.89062500 
   3176.00000000  115828.23437500 
   3177.00000000  101926.06250000 
   3178.00000000   85290.00781250 
   3179.00000000   67628.53125000 
   3180.00000000   49789.81640625 
   3181.00000000   32702.08007813 
   3182.00000000   17623.75000000 
   3183.00000000    5185.50146484 
   3184.00000000   -4842.21386719 
   3185.00000000  -13077.83496094 
   3186.00000000  -19979.92968750 
   3187.00000000  -25832.90820313 
   3188.00000000  -30845.84179688 
   3189.00000000  -35127.73437500 
   3190.00000000  -38923.80078125 
   3191.00000000  -42855.38281250 
   3192.00000000  -47566.86328125 
   3193.00000000  -52578.06250000 
   3194.00000000  -56467.30078125 
   3195.00000000  -57793.56640625 
   3196.00000000  -56173.18750000 
   3197.00000000  -52558.76953125 
   3198.00000000  -48177.02734375 
   3199.00000000  -43400.72265625 
   3200.00000000  -37951.49218750 
   3201.00000000  -31414.70312500 
   3202.00000000  -23608.16992188 
   3203.00000000  -14943.92675781 
   3204.00000000   -6396.30273438 
   3205.00000000     914.55187988 
   3206.00000000    6296.36865234 
   3207.00000000    9625.85644531 
   3208.00000000   11155.27734375 
   3209.00000000   11138.84570313 
   3210.00000000    9428.24707031 
   3211.00000000    5964.13867188 
   3212.00000000    1030.73791504 
   3213.00000000   -4631.26562500 
   3214.00000000  -10058.53808594 
   3215.00000000  -14562.11816406 
   3216.00000000  -17775.87304688 
   3217.00000000  -19460.90429688 
   3218.00000000  -19604.84570313 
   3219.00000000  -18337.42382813 
   3220.00000000  -15434.96484375 
   3221.00000000   -9893.33886719 
   3222.00000000    -570.84356689 
   3223.00000000   12249.58300781 
   3224.00000000   26369.89257813 
   3225.00000000   39152.56250000 
   3226.00000000   49176.26562500 
   3227.00000000   56027.17187500 
   3228.00000000   59714.21875000 
   3229.00000000   60615.96875000 
   3230.00000000   58994.72656250 
   3231.00000000   54101.76953125 
   3232.00000000   44075.40234375 
   3233.00000000   27941.73046875 
   3234.00000000    7714.31689453 
   3235.00000000  -13203.50390625 
   3236.00000000  -33314.07812500 
   3237.00000000  -52796.60937500 
   3238.00000000  -70839.33593750 
   3239.00000000  -86164.14062500 
   3240.00000000  -99616.02343750 
   3241.00000000 -112256.34375000 
   3242.00000000 -120146.05468750 
   3243.00000000 -114910.62500000 
   3244.00000000  -93107.31250000 
   3245.00000000  -63108.24218750 
   3246.00000000  -38392.16796875 
   3247.00000000  -24999.46289063 
   3248.00000000  -18968.85351563 
   3249.00000000  -15836.38183594 
   3250.00000000  -16914.05273438 
   3251.00000000  -23921.87695313 
   3252.00000000  -33120.06250000 
   3253.00000000  -39214.30078125 
   3254.00000000  -42838.39843750 
   3255.00000000  -49608.58593750 
   3256.00000000  -62191.48437500 
   3257.00000000  -77651.28125000 
   3258.00000000  -92445.35156250 
   3259.00000000 -106436.17187500 
   3260.00000000 -119686.14843750 
   3261.00000000 -127761.11718750 
   3262.00000000 -124023.26562500 
   3263.00000000 -106073.07031250 
   3264.00000000  -77755.75000000 
   3265.00000000  -45220.60546875 
   3266.00000000  -12624.10546875 
   3267.00000000   18597.74414063 
   3268.00000000   48148.85937500 
   3269.00000000   75898.30468750 
   3270.00000000   99767.28125000 
   3271.00000000  118196.64843750 
   3272.00000000  131381.29687500 
   3273.00000000  140327.46875000 
   3274.00000000  146359.67187500 
   3275.00000000  149326.48437500 
   3276.00000000  147964.10937500 
   3277.00000000  141739.12500000 
   3278.00000000  131236.46875000 
   3279.00000000  116995.79687500 
   3280.00000000   99153.42187500 
   3281.00000000   78021.33593750 
   3282.00000000   54358.58203125 
   3283.00000000   29335.96875000 
   3284.00000000    3908.30566406 
   3285.00000000  -21482.21484375 
   3286.00000000  -46412.18359375 
   3287.00000000  -70112.07031250 
   3288.00000000  -91440.27343750 
   3289.00000000 -108912.25000000 
   3290.00000000 -120565.46093750 
   3291.00000000 -124807.06250000 
   3292.00000000 -121971.00000000 
   3293.00000000 -114181.05468750 
   3294.00000000 -103999.67187500 
   3295.00000000  -92863.30468750 
   3296.00000000  -80569.69531250 
   3297.00000000  -66332.16406250 
   3298.00000000  -50748.74218750 
   3299.00000000  -35956.70703125 
   3300.00000000  -23462.66796875 
   3301.00000000  -13280.34375000 
   3302.00000000   -4638.25683594 
   3303.00000000    2762.02099609 
   3304.00000000    8641.53710938 
   3305.00000000   12184.75195313 
   3306.00000000   12080.45605469 
   3307.00000000    6998.71289063 
   3308.00000000   -2745.41577148 
   3309.00000000  -13996.91796875 
   3310.00000000  -23663.72656250 
   3311.00000000  -30869.20898438 
   3312.00000000  -36534.93359375 
   3313.00000000  -41640.07031250 
   3314.00000000  -45418.83203125 
   3315.00000000  -46889.17187500 
   3316.00000000  -44989.32421875 
   3317.00000000  -38282.73437500 
   3318.00000000  -24921.86523438 
   3319.00000000   -3683.16552734 
   3320.00000000   24919.63867188 
   3321.00000000   58845.30468750 
   3322.00000000   95244.50781250 
   3323.00000000  131287.50000000 
   3324.00000000  164017.67187500 
   3325.00000000  190562.90625000 
   3326.00000000  208488.45312500 
   3327.00000000  215912.01562500 
   3328.00000000  212268.70312500 
   3329.00000000  198662.06250000 
   3330.00000000  175380.37500000 
   3331.00000000  138874.12500000 
   3332.00000000   83941.27343750 
   3333.00000000   11586.01464844 
   3334.00000000  -66002.19531250 
   3335.00000000 -131388.01562500 
   3336.00000000 -174303.64062500 
   3337.00000000 -197402.29687500 
   3338.00000000 -209845.09375000 
   3339.00000000 -217264.31250000 
   3340.00000000 -219508.20312500 
   3341.00000000 -214843.87500000 
   3342.00000000 -203244.18750000 
   3343.00000000 -185481.90625000 
   3344.00000000 -161466.04687500 
   3345.00000000 -130732.11718750 
   3346.00000000  -93659.88281250 
   3347.00000000  -51458.94921875 
   3348.00000000   -5739.40429688 
   3349.00000000   41284.26562500 
   3350.00000000   86602.63281250 
   3351.00000000  127292.89843750 
   3352.00000000  161858.73437500 
   3353.00000000  190688.31250000 
   3354.00000000  215106.26562500 
   3355.00000000  235239.37500000 
   3356.00000000  248156.54687500 
   3357.00000000  248034.68750000 
   3358.00000000  229935.35937500 
   3359.00000000  194380.73437500 
   3360.00000000  146966.01562500 
   3361.00000000   93008.94531250 
   3362.00000000   33250.25000000 
   3363.00000000  -33878.78515625 
   3364.00000000 -105790.64062500 
   3365.00000000 -173499.28125000 
   3366.00000000 -226473.14062500 
   3367.00000000 -259278.71875000 
   3368.00000000 -273156.65625000 
   3369.00000000 -272256.62500000 
   3370.00000000 -259499.10937500 
   3371.00000000 -235645.68750000 
   3372.00000000 -200784.70312500 
   3373.00000000 -155803.75000000 
   3374.00000000 -103089.76562500 
   3375.00000000  -46769.98437500 
   3376.00000000    7197.84375000 
   3377.00000000   52069.01562500 
