       TWT             Trace      
       ms       
   2441.00000000   -2527.23510742 
   2442.00000000   -4893.45507813 
   2443.00000000   -7834.16210938 
   2444.00000000  -11078.68261719 
   2445.00000000  -14281.80957031 
   2446.00000000  -17047.12500000 
   2447.00000000  -18948.76953125 
   2448.00000000  -19624.05859375 
   2449.00000000  -18868.84179688 
   2450.00000000  -16696.13281250 
   2451.00000000  -13649.54003906 
   2452.00000000  -10412.17968750 
   2453.00000000   -7574.08154297 
   2454.00000000   -5701.24121094 
   2455.00000000   -4957.54882813 
   2456.00000000   -5081.91699219 
   2457.00000000   -5603.22070313 
   2458.00000000   -5766.34375000 
   2459.00000000   -4867.04589844 
   2460.00000000   -2687.39916992 
   2461.00000000     677.38061523 
   2462.00000000    4776.27441406 
   2463.00000000    8777.10839844 
   2464.00000000   11952.42871094 
   2465.00000000   13703.28515625 
   2466.00000000   13842.99121094 
   2467.00000000   12724.21191406 
   2468.00000000   11004.81347656 
   2469.00000000    9432.55761719 
   2470.00000000    8626.14453125 
   2471.00000000    8908.65917969 
   2472.00000000   10163.11718750 
   2473.00000000   11850.48144531 
   2474.00000000   13286.85449219 
   2475.00000000   13688.27343750 
   2476.00000000   12529.60546875 
   2477.00000000    9638.70312500 
   2478.00000000    5164.27880859 
   2479.00000000    -384.65084839 
   2480.00000000   -6331.13623047 
   2481.00000000  -12078.66308594 
   2482.00000000  -17103.34375000 
   2483.00000000  -21092.15039063 
   2484.00000000  -24057.83398438 
   2485.00000000  -26165.28710938 
   2486.00000000  -27651.17578125 
   2487.00000000  -28661.40625000 
   2488.00000000  -29342.62695313 
   2489.00000000  -29788.27734375 
   2490.00000000  -29688.84765625 
   2491.00000000  -28592.11718750 
   2492.00000000  -26130.22656250 
   2493.00000000  -22057.64257813 
   2494.00000000  -16220.23437500 
   2495.00000000   -8847.14257813 
   2496.00000000    -514.03759766 
   2497.00000000    7994.40966797 
   2498.00000000   15888.45019531 
   2499.00000000   22447.08398438 
   2500.00000000   27005.04101563 
   2501.00000000   29443.25781250 
   2502.00000000   29742.19335938 
   2503.00000000   28080.85937500 
   2504.00000000   24897.07226563 
   2505.00000000   20491.46093750 
   2506.00000000   15095.78808594 
   2507.00000000    8844.24609375 
   2508.00000000    1884.18859863 
   2509.00000000   -5582.61132813 
   2510.00000000  -13279.99121094 
   2511.00000000  -20670.94921875 
   2512.00000000  -27044.69335938 
   2513.00000000  -31848.80273438 
   2514.00000000  -34573.54687500 
   2515.00000000  -34969.55859375 
   2516.00000000  -33277.40625000 
   2517.00000000  -29972.51367188 
   2518.00000000  -25471.02734375 
   2519.00000000  -20351.05859375 
   2520.00000000  -15087.07812500 
   2521.00000000   -9908.06250000 
   2522.00000000   -4701.32714844 
   2523.00000000     582.45642090 
   2524.00000000    6078.29199219 
   2525.00000000   11687.39843750 
   2526.00000000   16732.94140625 
   2527.00000000   20820.55859375 
   2528.00000000   24015.15429688 
   2529.00000000   26110.32421875 
   2530.00000000   27197.80664063 
   2531.00000000   27828.26953125 
   2532.00000000   28772.06835938 
   2533.00000000   30403.15234375 
   2534.00000000   32677.38867188 
   2535.00000000   35052.74218750 
   2536.00000000   36565.78906250 
   2537.00000000   36210.51953125 
   2538.00000000   33205.33593750 
   2539.00000000   27243.71484375 
   2540.00000000   18616.55859375 
   2541.00000000    8227.74511719 
   2542.00000000   -2685.42456055 
   2543.00000000  -13014.61425781 
   2544.00000000  -21940.94140625 
   2545.00000000  -29089.33593750 
   2546.00000000  -34553.91796875 
   2547.00000000  -38441.75000000 
   2548.00000000  -41062.68359375 
   2549.00000000  -42572.33984375 
   2550.00000000  -42631.06250000 
   2551.00000000  -40891.42968750 
   2552.00000000  -36932.86718750 
   2553.00000000  -30459.13476563 
   2554.00000000  -21494.51171875 
   2555.00000000  -10323.82226563 
   2556.00000000    2512.99755859 
   2557.00000000   16282.01367188 
   2558.00000000   30397.30664063 
   2559.00000000   44257.92187500 
   2560.00000000   57205.27343750 
   2561.00000000   68655.71875000 
   2562.00000000   78095.71875000 
   2563.00000000   84964.50000000 
   2564.00000000   88795.17187500 
   2565.00000000   89364.63281250 
   2566.00000000   86818.09375000 
   2567.00000000   81595.57812500 
   2568.00000000   74394.07031250 
   2569.00000000   65968.77343750 
   2570.00000000   57113.01562500 
   2571.00000000   48562.60156250 
   2572.00000000   40597.37890625 
   2573.00000000   33098.74609375 
   2574.00000000   25803.06054688 
   2575.00000000   18374.39062500 
   2576.00000000   10487.45019531 
   2577.00000000    1866.68713379 
   2578.00000000   -7483.45751953 
   2579.00000000  -17301.01953125 
   2580.00000000  -27009.26953125 
   2581.00000000  -36028.42187500 
   2582.00000000  -43916.35937500 
   2583.00000000  -50444.59765625 
   2584.00000000  -55737.33984375 
   2585.00000000  -60127.03906250 
   2586.00000000  -63984.63671875 
   2587.00000000  -67785.04687500 
   2588.00000000  -71710.61718750 
   2589.00000000  -75466.32812500 
   2590.00000000  -78618.89062500 
   2591.00000000  -80378.08593750 
   2592.00000000  -79848.08593750 
   2593.00000000  -76529.53906250 
   2594.00000000  -70185.60937500 
   2595.00000000  -61121.48046875 
   2596.00000000  -50127.13671875 
   2597.00000000  -38192.08203125 
   2598.00000000  -26314.80078125 
   2599.00000000  -15272.83886719 
   2600.00000000   -5603.92968750 
   2601.00000000    2476.04809570 
   2602.00000000    9093.45800781 
   2603.00000000   14436.47656250 
   2604.00000000   18640.82617188 
   2605.00000000   21769.09570313 
   2606.00000000   23789.92578125 
   2607.00000000   24682.05273438 
   2608.00000000   24460.24023438 
   2609.00000000   23170.33398438 
   2610.00000000   21057.02343750 
   2611.00000000   18379.22656250 
   2612.00000000   15460.60644531 
   2613.00000000   12661.52050781 
   2614.00000000   10226.91503906 
   2615.00000000    8273.75097656 
   2616.00000000    6732.21777344 
   2617.00000000    5611.26416016 
   2618.00000000    4962.93017578 
   2619.00000000    4524.72265625 
   2620.00000000    4082.81323242 
   2621.00000000    3574.21484375 
   2622.00000000    3009.61499023 
   2623.00000000    2244.55517578 
   2624.00000000    1311.33215332 
   2625.00000000     275.25497437 
   2626.00000000    -769.66442871 
   2627.00000000   -1789.50952148 
   2628.00000000   -2895.98510742 
   2629.00000000   -3980.57861328 
   2630.00000000   -5211.41015625 
   2631.00000000   -6541.14501953 
   2632.00000000   -7924.68457031 
   2633.00000000   -9386.11816406 
   2634.00000000  -10767.41894531 
   2635.00000000  -11823.87597656 
   2636.00000000  -12464.45996094 
   2637.00000000  -12696.52929688 
   2638.00000000  -12582.81933594 
   2639.00000000  -12167.68847656 
   2640.00000000  -11602.34570313 
   2641.00000000  -11109.48339844 
   2642.00000000  -10795.84667969 
   2643.00000000  -10741.00390625 
   2644.00000000  -10767.26953125 
   2645.00000000  -10536.00195313 
   2646.00000000   -9758.04980469 
   2647.00000000   -8372.24902344 
   2648.00000000   -6102.48925781 
   2649.00000000   -2812.91723633 
   2650.00000000    1226.09655762 
   2651.00000000    5544.65185547 
   2652.00000000    9985.66601563 
   2653.00000000   14168.76562500 
   2654.00000000   17774.10937500 
   2655.00000000   20885.30664063 
   2656.00000000   23237.50781250 
   2657.00000000   24565.36523438 
   2658.00000000   25211.40429688 
   2659.00000000   25248.58203125 
   2660.00000000   24714.92968750 
   2661.00000000   23705.77343750 
   2662.00000000   22278.21875000 
   2663.00000000   20270.80078125 
   2664.00000000   17457.08789063 
   2665.00000000   13668.01074219 
   2666.00000000    8726.63574219 
   2667.00000000    2762.40283203 
   2668.00000000   -3835.94946289 
   2669.00000000  -10419.46191406 
   2670.00000000  -16206.57226563 
   2671.00000000  -20478.49804688 
   2672.00000000  -22775.32031250 
   2673.00000000  -23017.16992188 
   2674.00000000  -21499.43359375 
   2675.00000000  -18759.66406250 
   2676.00000000  -15367.48925781 
   2677.00000000  -11722.88183594 
   2678.00000000   -7946.95751953 
   2679.00000000   -3910.21582031 
   2680.00000000     615.94421387 
   2681.00000000    5753.45703125 
   2682.00000000   11351.27050781 
   2683.00000000   16935.77929688 
   2684.00000000   21804.46679688 
   2685.00000000   25227.18359375 
   2686.00000000   26673.43750000 
   2687.00000000   25974.90429688 
   2688.00000000   23362.19726563 
   2689.00000000   19370.27343750 
   2690.00000000   14660.07128906 
   2691.00000000    9828.71582031 
   2692.00000000    5326.31054688 
   2693.00000000    1363.13427734 
   2694.00000000   -1985.77172852 
   2695.00000000   -4692.14160156 
   2696.00000000   -6707.72021484 
   2697.00000000   -7971.59228516 
   2698.00000000   -8424.30566406 
   2699.00000000   -8141.29345703 
   2700.00000000   -7243.25634766 
   2701.00000000   -5961.96337891 
   2702.00000000   -4610.10498047 
   2703.00000000   -3401.46557617 
   2704.00000000   -2416.08178711 
   2705.00000000   -1625.84729004 
   2706.00000000    -905.60858154 
   2707.00000000    -182.65365601 
   2708.00000000     495.89300537 
   2709.00000000    1039.80590820 
   2710.00000000    1254.57202148 
   2711.00000000     958.06701660 
   2712.00000000     265.63995361 
   2713.00000000    -584.04998779 
   2714.00000000   -1273.43859863 
   2715.00000000   -1428.06835938 
   2716.00000000    -833.72918701 
   2717.00000000     417.45483398 
   2718.00000000    1913.51342773 
   2719.00000000    3065.44848633 
   2720.00000000    3091.34960938 
   2721.00000000    1397.50915527 
   2722.00000000   -2266.63793945 
   2723.00000000   -7708.68115234 
   2724.00000000  -14370.69824219 
   2725.00000000  -21416.88085938 
   2726.00000000  -27880.88085938 
   2727.00000000  -32951.27343750 
   2728.00000000  -36120.21093750 
   2729.00000000  -37203.76953125 
   2730.00000000  -36328.70703125 
   2731.00000000  -33938.22656250 
   2732.00000000  -30544.92382813 
   2733.00000000  -26471.41406250 
   2734.00000000  -22060.15039063 
   2735.00000000  -17472.37304688 
   2736.00000000  -12725.25000000 
   2737.00000000   -7760.61816406 
   2738.00000000   -2525.42651367 
   2739.00000000    2860.40014648 
   2740.00000000    8121.23876953 
   2741.00000000   12870.38769531 
   2742.00000000   16685.14843750 
   2743.00000000   19179.95898438 
   2744.00000000   20140.46093750 
   2745.00000000   19623.17187500 
   2746.00000000   17791.17187500 
   2747.00000000   14893.66601563 
   2748.00000000   11290.84277344 
   2749.00000000    7310.57080078 
   2750.00000000    3246.92431641 
   2751.00000000    -706.67468262 
   2752.00000000   -4322.71337891 
   2753.00000000   -7450.96923828 
   2754.00000000   -9973.90039063 
   2755.00000000  -11848.45410156 
   2756.00000000  -13055.66699219 
   2757.00000000  -13456.87207031 
   2758.00000000  -13134.67480469 
   2759.00000000  -12172.96679688 
   2760.00000000  -10638.90039063 
   2761.00000000   -8591.95214844 
   2762.00000000   -6101.55664063 
   2763.00000000   -3326.33251953 
   2764.00000000    -500.74276733 
   2765.00000000    2213.77221680 
   2766.00000000    4549.43310547 
   2767.00000000    6185.72216797 
   2768.00000000    6916.63623047 
   2769.00000000    6573.13525391 
   2770.00000000    5141.48681641 
   2771.00000000    2887.67578125 
   2772.00000000      25.67968750 
   2773.00000000   -3401.29565430 
   2774.00000000   -7234.92382813 
   2775.00000000  -11279.24414063 
   2776.00000000  -15266.82324219 
   2777.00000000  -18993.98437500 
   2778.00000000  -22114.70898438 
   2779.00000000  -24156.42382813 
   2780.00000000  -24806.29882813 
   2781.00000000  -24015.67578125 
   2782.00000000  -21932.96093750 
   2783.00000000  -18745.50390625 
   2784.00000000  -14857.71484375 
   2785.00000000  -10737.15527344 
   2786.00000000   -6802.52001953 
   2787.00000000   -3270.83593750 
   2788.00000000    -122.43469238 
   2789.00000000    2589.30419922 
   2790.00000000    4872.59130859 
   2791.00000000    6705.98242188 
   2792.00000000    8155.14111328 
   2793.00000000    9128.24121094 
   2794.00000000    9533.64453125 
   2795.00000000    9548.39355469 
   2796.00000000    9287.57226563 
   2797.00000000    8974.37011719 
   2798.00000000    8872.89843750 
   2799.00000000    9146.64453125 
   2800.00000000    9746.87500000 
   2801.00000000   10530.98632813 
   2802.00000000   11276.99707031 
   2803.00000000   11758.71289063 
   2804.00000000   11800.13378906 
   2805.00000000   11344.88378906 
   2806.00000000   10446.93847656 
   2807.00000000    9167.84472656 
   2808.00000000    7598.67724609 
   2809.00000000    5808.48925781 
   2810.00000000    3789.59008789 
   2811.00000000    1553.25415039 
   2812.00000000    -851.09118652 
   2813.00000000   -3321.55761719 
   2814.00000000   -5681.54785156 
   2815.00000000   -7739.89208984 
   2816.00000000   -9354.81054688 
   2817.00000000  -10420.38281250 
   2818.00000000  -10908.38085938 
   2819.00000000  -10856.63964844 
   2820.00000000  -10338.01367188 
   2821.00000000   -9463.69921875 
   2822.00000000   -8276.45019531 
   2823.00000000   -6879.92773438 
   2824.00000000   -5428.50878906 
   2825.00000000   -4071.75415039 
   2826.00000000   -3015.56127930 
   2827.00000000   -2430.22631836 
   2828.00000000   -2292.01074219 
   2829.00000000   -2523.70678711 
   2830.00000000   -2924.85717773 
   2831.00000000   -3304.18481445 
   2832.00000000   -3477.69042969 
   2833.00000000   -3384.32568359 
   2834.00000000   -3025.23974609 
   2835.00000000   -2568.58813477 
   2836.00000000   -2249.87548828 
   2837.00000000   -2243.99926758 
   2838.00000000   -2616.51196289 
   2839.00000000   -3239.55126953 
   2840.00000000   -3862.15429688 
   2841.00000000   -4088.62304688 
   2842.00000000   -3710.37377930 
   2843.00000000   -2654.93481445 
   2844.00000000    -994.34545898 
   2845.00000000    1000.95275879 
   2846.00000000    3021.81494141 
   2847.00000000    4638.27490234 
   2848.00000000    5507.73828125 
   2849.00000000    5531.71435547 
   2850.00000000    4872.15673828 
   2851.00000000    3744.37963867 
   2852.00000000    2377.79687500 
   2853.00000000    1228.32983398 
   2854.00000000     487.73309326 
   2855.00000000     130.06518555 
   2856.00000000     -55.76182938 
   2857.00000000    -309.97326660 
   2858.00000000    -918.73962402 
   2859.00000000   -2001.70507813 
   2860.00000000   -3524.63403320 
   2861.00000000   -5214.74902344 
   2862.00000000   -6602.19238281 
   2863.00000000   -7219.44531250 
   2864.00000000   -6668.64794922 
   2865.00000000   -4786.87109375 
   2866.00000000   -1801.68029785 
   2867.00000000    1881.65209961 
   2868.00000000    5748.45166016 
   2869.00000000    9123.97656250 
   2870.00000000   11563.44140625 
   2871.00000000   12884.96972656 
   2872.00000000   13146.81445313 
   2873.00000000   12682.12988281 
   2874.00000000   11831.74902344 
   2875.00000000   10936.79199219 
   2876.00000000   10235.03613281 
   2877.00000000    9759.86132813 
   2878.00000000    9335.55078125 
   2879.00000000    8498.22656250 
   2880.00000000    6807.49658203 
   2881.00000000    3931.01269531 
   2882.00000000    -288.12493896 
   2883.00000000   -5645.41943359 
   2884.00000000  -11679.51757813 
   2885.00000000  -17758.64843750 
   2886.00000000  -23197.94531250 
   2887.00000000  -27450.75781250 
   2888.00000000  -30378.93750000 
   2889.00000000  -32190.64843750 
   2890.00000000  -33316.43750000 
   2891.00000000  -34407.42578125 
   2892.00000000  -35897.52734375 
   2893.00000000  -38013.86328125 
   2894.00000000  -40531.54687500 
   2895.00000000  -42791.90234375 
   2896.00000000  -44035.97265625 
   2897.00000000  -43496.18750000 
   2898.00000000  -40644.03515625 
   2899.00000000  -35429.37500000 
   2900.00000000  -28215.32226563 
   2901.00000000  -19615.23632813 
   2902.00000000  -10399.62500000 
   2903.00000000   -1377.93041992 
   2904.00000000    6756.41796875 
   2905.00000000   13416.74707031 
   2906.00000000   18329.62304688 
   2907.00000000   21260.07226563 
   2908.00000000   22146.76171875 
   2909.00000000   21090.70117188 
   2910.00000000   18347.53320313 
   2911.00000000   14371.12500000 
   2912.00000000    9652.93554688 
   2913.00000000    4772.48876953 
   2914.00000000     265.19009399 
   2915.00000000   -3538.86279297 
   2916.00000000   -6579.23144531 
   2917.00000000   -8934.54882813 
   2918.00000000  -10674.39550781 
   2919.00000000  -11906.62695313 
   2920.00000000  -12660.75781250 
   2921.00000000  -12821.98925781 
   2922.00000000  -12081.67675781 
   2923.00000000  -10212.87207031 
   2924.00000000   -7175.53271484 
   2925.00000000   -2897.91235352 
   2926.00000000    2419.82397461 
   2927.00000000    8324.77636719 
   2928.00000000   14323.18750000 
   2929.00000000   20023.31445313 
   2930.00000000   24968.86523438 
   2931.00000000   28729.02929688 
   2932.00000000   31153.88281250 
   2933.00000000   32184.11914063 
   2934.00000000   31692.58203125 
   2935.00000000   29878.48242188 
   2936.00000000   27083.52148438 
   2937.00000000   23642.67968750 
   2938.00000000   19982.08984375 
   2939.00000000   16593.91406250 
   2940.00000000   13628.06542969 
   2941.00000000   11051.45312500 
   2942.00000000    8705.47265625 
   2943.00000000    6126.45556641 
   2944.00000000    2894.74682617 
   2945.00000000   -1226.26867676 
   2946.00000000   -6353.70410156 
   2947.00000000  -12068.01074219 
   2948.00000000  -17708.90234375 
   2949.00000000  -22650.34570313 
   2950.00000000  -26100.45117188 
   2951.00000000  -27619.18359375 
   2952.00000000  -27244.00000000 
   2953.00000000  -25292.82226563 
   2954.00000000  -22386.16406250 
   2955.00000000  -19327.01562500 
   2956.00000000  -16845.30078125 
   2957.00000000  -15393.88867188 
   2958.00000000  -14997.13671875 
   2959.00000000  -15391.19726563 
   2960.00000000  -16067.78710938 
   2961.00000000  -16494.48242188 
   2962.00000000  -16174.56152344 
   2963.00000000  -14754.17773438 
   2964.00000000  -12198.28222656 
   2965.00000000   -8670.55273438 
   2966.00000000   -4525.93457031 
   2967.00000000    -260.97085571 
   2968.00000000    3570.85571289 
   2969.00000000    6457.50488281 
   2970.00000000    8187.00976563 
   2971.00000000    8672.28515625 
   2972.00000000    8096.33691406 
   2973.00000000    6926.85302734 
   2974.00000000    5454.61767578 
   2975.00000000    3975.98071289 
   2976.00000000    2829.80566406 
   2977.00000000    1897.66540527 
   2978.00000000     747.50604248 
   2979.00000000    -919.48010254 
   2980.00000000   -3281.39453125 
   2981.00000000   -6560.83935547 
   2982.00000000  -10755.93066406 
   2983.00000000  -15497.31152344 
   2984.00000000  -20248.60351563 
   2985.00000000  -24518.04882813 
   2986.00000000  -27852.19531250 
   2987.00000000  -29701.38476563 
   2988.00000000  -30142.01367188 
   2989.00000000  -28974.52929688 
   2990.00000000  -26287.14843750 
   2991.00000000  -22358.00195313 
   2992.00000000  -17139.03125000 
   2993.00000000  -10730.15429688 
   2994.00000000   -3349.67382813 
   2995.00000000    4768.48974609 
   2996.00000000   13311.21972656 
   2997.00000000   21948.10546875 
   2998.00000000   30262.25976563 
   2999.00000000   37663.55078125 
   3000.00000000   43901.87890625 
   3001.00000000   48635.59765625 
   3002.00000000   51581.15625000 
   3003.00000000   52626.69531250 
   3004.00000000   51746.64453125 
   3005.00000000   49093.41015625 
   3006.00000000   44870.22265625 
   3007.00000000   39396.98046875 
   3008.00000000   33164.23046875 
   3009.00000000   26453.98632813 
   3010.00000000   19567.78710938 
   3011.00000000   12777.40136719 
   3012.00000000    6155.57910156 
   3013.00000000    -182.13238525 
   3014.00000000   -6036.71582031 
   3015.00000000  -11252.98535156 
   3016.00000000  -15579.08105469 
   3017.00000000  -18682.38476563 
   3018.00000000  -20423.79882813 
   3019.00000000  -20928.83789063 
   3020.00000000  -20470.52539063 
   3021.00000000  -19592.51757813 
   3022.00000000  -18947.62695313 
   3023.00000000  -19192.17578125 
   3024.00000000  -20775.94921875 
   3025.00000000  -23807.05859375 
   3026.00000000  -28123.56250000 
   3027.00000000  -33411.80078125 
   3028.00000000  -39003.17187500 
   3029.00000000  -44093.77734375 
   3030.00000000  -48330.78906250 
   3031.00000000  -51298.72265625 
   3032.00000000  -52794.55078125 
   3033.00000000  -53005.28906250 
   3034.00000000  -52218.78515625 
   3035.00000000  -50945.85937500 
   3036.00000000  -49579.86328125 
   3037.00000000  -48185.88671875 
   3038.00000000  -46502.62500000 
   3039.00000000  -44143.36718750 
   3040.00000000  -40090.32812500 
   3041.00000000  -33509.67578125 
   3042.00000000  -24389.37500000 
   3043.00000000  -12755.70898438 
   3044.00000000     935.02917480 
   3045.00000000   15599.60156250 
   3046.00000000   29836.54882813 
   3047.00000000   42097.62890625 
   3048.00000000   50992.91015625 
   3049.00000000   55890.00390625 
   3050.00000000   57346.92968750 
   3051.00000000   55664.23828125 
   3052.00000000   51337.51562500 
   3053.00000000   45283.50000000 
   3054.00000000   38212.01953125 
   3055.00000000   31065.24218750 
   3056.00000000   23976.65429688 
   3057.00000000   16853.46875000 
   3058.00000000   10108.86816406 
   3059.00000000    3754.20556641 
   3060.00000000   -2149.10864258 
   3061.00000000   -7102.98876953 
   3062.00000000  -10478.10351563 
   3063.00000000  -11897.72558594 
   3064.00000000  -10936.94140625 
   3065.00000000   -7521.15380859 
   3066.00000000   -1903.06652832 
   3067.00000000    5963.96777344 
   3068.00000000   15432.06738281 
   3069.00000000   25661.66406250 
   3070.00000000   35689.39453125 
   3071.00000000   44307.11718750 
   3072.00000000   49896.03906250 
   3073.00000000   50683.14062500 
   3074.00000000   46054.14453125 
   3075.00000000   36203.84375000 
   3076.00000000   21764.47460938 
   3077.00000000    4480.94970703 
   3078.00000000  -13413.08007813 
   3079.00000000  -30209.62890625 
   3080.00000000  -44713.79296875 
   3081.00000000  -56678.05859375 
   3082.00000000  -66765.50781250 
   3083.00000000  -76046.47656250 
   3084.00000000  -85623.67968750 
   3085.00000000  -95769.48437500 
   3086.00000000 -106103.44531250 
   3087.00000000 -115726.23437500 
   3088.00000000 -123055.87500000 
   3089.00000000 -126526.66406250 
   3090.00000000 -125155.32812500 
   3091.00000000 -118413.41406250 
   3092.00000000 -106475.85156250 
   3093.00000000  -89096.40625000 
   3094.00000000  -66791.87500000 
   3095.00000000  -41106.11328125 
   3096.00000000  -13471.46582031 
   3097.00000000   14175.26367188 
   3098.00000000   39570.59765625 
   3099.00000000   60905.34765625 
   3100.00000000   77874.58593750 
   3101.00000000   91415.17187500 
   3102.00000000  103177.90625000 
   3103.00000000  115737.78906250 
   3104.00000000  130116.39843750 
   3105.00000000  145289.90625000 
   3106.00000000  158647.64062500 
   3107.00000000  165812.81250000 
   3108.00000000  161684.85937500 
   3109.00000000  143273.29687500 
   3110.00000000  111201.36718750 
   3111.00000000   68671.78906250 
   3112.00000000   21787.20898438 
   3113.00000000  -22549.33398438 
   3114.00000000  -59090.78125000 
   3115.00000000  -85768.52343750 
   3116.00000000 -104439.82031250 
   3117.00000000 -118636.39062500 
   3118.00000000 -132670.78125000 
   3119.00000000 -148988.85937500 
   3120.00000000 -166884.70312500 
   3121.00000000 -182671.60937500 
   3122.00000000 -190901.07812500 
   3123.00000000 -186625.21875000 
   3124.00000000 -167241.46875000 
   3125.00000000 -134186.06250000 
   3126.00000000  -91953.82031250 
   3127.00000000  -46515.70703125 
   3128.00000000   -3945.98999023 
   3129.00000000   32125.42968750 
   3130.00000000   61056.21093750 
   3131.00000000   84174.15625000 
   3132.00000000  104227.92968750 
   3133.00000000  122877.25000000 
   3134.00000000  139540.59375000 
   3135.00000000  151839.00000000 
   3136.00000000  156208.90625000 
   3137.00000000  149268.89062500 
   3138.00000000  129744.39062500 
   3139.00000000   99072.04687500 
   3140.00000000   61405.67578125 
   3141.00000000   22442.02929688 
   3142.00000000  -12167.70996094 
   3143.00000000  -37983.73437500 
   3144.00000000  -52680.57031250 
   3145.00000000  -56423.94140625 
   3146.00000000  -50621.81250000 
   3147.00000000  -37228.92968750 
   3148.00000000  -18512.75781250 
   3149.00000000    4076.98168945 
   3150.00000000   29562.14843750 
   3151.00000000   56894.32812500 
   3152.00000000   84792.96875000 
   3153.00000000  111331.00781250 
   3154.00000000  134015.31250000 
   3155.00000000  150222.78125000 
   3156.00000000  157533.70312500 
   3157.00000000  154098.60937500 
   3158.00000000  138731.15625000 
   3159.00000000  111680.17187500 
   3160.00000000   74164.11718750 
   3161.00000000   28462.02343750 
   3162.00000000  -21865.81054688 
   3163.00000000  -72354.10937500 
   3164.00000000 -118055.50000000 
   3165.00000000 -153823.43750000 
   3166.00000000 -175237.53125000 
   3167.00000000 -179595.21875000 
   3168.00000000 -166151.28125000 
   3169.00000000 -136975.76562500 
   3170.00000000  -96155.00000000 
   3171.00000000  -48783.97656250 
   3172.00000000    -998.39306641 
   3173.00000000   41681.00781250 
   3174.00000000   75625.18750000 
   3175.00000000   99074.32812500 
   3176.00000000  111779.50781250 
   3177.00000000  114961.39062500 
   3178.00000000  110058.29687500 
   3179.00000000   97596.85156250 
   3180.00000000   78663.99218750 
   3181.00000000   53861.79296875 
   3182.00000000   23264.37109375 
   3183.00000000  -12400.55761719 
   3184.00000000  -51529.14453125 
   3185.00000000  -91072.48437500 
   3186.00000000 -127383.00000000 
   3187.00000000 -157155.93750000 
   3188.00000000 -177087.89062500 
   3189.00000000 -184830.75000000 
   3190.00000000 -180063.17187500 
   3191.00000000 -163827.70312500 
   3192.00000000 -137928.14062500 
   3193.00000000 -105377.49218750 
   3194.00000000  -69338.53125000 
   3195.00000000  -32591.97265625 
   3196.00000000    1996.67590332 
   3197.00000000   32516.90625000 
   3198.00000000   57745.06640625 
   3199.00000000   76589.26562500 
   3200.00000000   88686.46875000 
   3201.00000000   94503.29687500 
   3202.00000000   94172.67187500 
   3203.00000000   87784.70312500 
   3204.00000000   76206.55468750 
   3205.00000000   60131.72265625 
   3206.00000000   40504.64062500 
   3207.00000000   18889.68945313 
   3208.00000000   -3027.75830078 
   3209.00000000  -23618.28125000 
   3210.00000000  -41160.52734375 
   3211.00000000  -54246.41406250 
   3212.00000000  -62290.45703125 
   3213.00000000  -65326.68359375 
   3214.00000000  -64089.98046875 
   3215.00000000  -59837.21484375 
   3216.00000000  -53606.33984375 
   3217.00000000  -46489.07031250 
   3218.00000000  -39243.33593750 
   3219.00000000  -31920.60937500 
   3220.00000000  -24433.91796875 
   3221.00000000  -16360.95019531 
   3222.00000000   -8363.01269531 
   3223.00000000    -958.43878174 
   3224.00000000    5669.04882813 
   3225.00000000   10487.39746094 
   3226.00000000   12892.02343750 
   3227.00000000   12664.89355469 
   3228.00000000    9819.75292969 
   3229.00000000    5204.91113281 
   3230.00000000    -119.20974731 
   3231.00000000   -4565.10888672 
   3232.00000000   -7037.75195313 
   3233.00000000   -6361.25781250 
   3234.00000000   -2283.30249023 
   3235.00000000    4418.64990234 
   3236.00000000   12589.71191406 
   3237.00000000   20857.84765625 
   3238.00000000   27575.69921875 
   3239.00000000   31217.67773438 
   3240.00000000   31522.28320313 
   3241.00000000   28709.45507813 
   3242.00000000   23257.92382813 
   3243.00000000   16196.38378906 
   3244.00000000    8630.29492188 
   3245.00000000    1426.62194824 
   3246.00000000   -5238.52929688 
   3247.00000000  -11402.18847656 
   3248.00000000  -17147.67773438 
   3249.00000000  -22478.69921875 
   3250.00000000  -27050.50195313 
   3251.00000000  -30189.87109375 
   3252.00000000  -31038.53906250 
   3253.00000000  -28904.71289063 
   3254.00000000  -22946.62695313 
   3255.00000000  -13715.66210938 
   3256.00000000   -2442.79248047 
   3257.00000000    9816.24804688 
   3258.00000000   21171.33593750 
   3259.00000000   30253.63085938 
   3260.00000000   36491.42968750 
   3261.00000000   39571.10156250 
   3262.00000000   40003.27734375 
   3263.00000000   38712.67968750 
   3264.00000000   36538.54687500 
   3265.00000000   33852.48046875 
   3266.00000000   30702.41210938 
   3267.00000000   26904.52148438 
   3268.00000000   22091.81054688 
   3269.00000000   16147.19531250 
   3270.00000000    9451.56152344 
   3271.00000000    2810.01586914 
   3272.00000000   -2847.34033203 
   3273.00000000   -6750.62011719 
   3274.00000000   -8342.84472656 
   3275.00000000   -8060.03076172 
   3276.00000000   -6849.21826172 
   3277.00000000   -5407.37011719 
   3278.00000000   -4526.94287109 
   3279.00000000   -4729.04394531 
   3280.00000000   -5693.16845703 
   3281.00000000   -6720.45410156 
   3282.00000000   -6721.97460938 
   3283.00000000   -4938.02929688 
   3284.00000000   -1168.96801758 
   3285.00000000    4333.83691406 
   3286.00000000   10684.86230469 
   3287.00000000   16904.90429688 
   3288.00000000   22080.88867188 
   3289.00000000   25673.30664063 
   3290.00000000   27795.41601563 
   3291.00000000   29013.71093750 
   3292.00000000   30100.76367188 
   3293.00000000   31795.45898438 
   3294.00000000   34249.70312500 
   3295.00000000   37067.60546875 
   3296.00000000   39601.87500000 
   3297.00000000   40838.63281250 
   3298.00000000   39896.70703125 
   3299.00000000   36274.69140625 
   3300.00000000   29826.55859375 
   3301.00000000   20975.48242188 
   3302.00000000   10501.98046875 
   3303.00000000    -820.11285400 
   3304.00000000  -12247.27929688 
   3305.00000000  -22977.88085938 
   3306.00000000  -32748.45117188 
   3307.00000000  -41581.33593750 
   3308.00000000  -49419.89062500 
   3309.00000000  -56658.50000000 
   3310.00000000  -63816.11718750 
   3311.00000000  -71383.50000000 
   3312.00000000  -79845.78906250 
   3313.00000000  -89457.85156250 
   3314.00000000  -99744.70312500 
   3315.00000000 -109705.69531250 
   3316.00000000 -117839.16406250 
   3317.00000000 -122322.21093750 
   3318.00000000 -121671.71093750 
   3319.00000000 -114847.57812500 
   3320.00000000 -101717.27343750 
   3321.00000000  -83306.02343750 
   3322.00000000  -61393.89843750 
   3323.00000000  -38014.87500000 
   3324.00000000  -15193.00195313 
   3325.00000000    5754.43164063 
   3326.00000000   24508.19921875 
   3327.00000000   41378.73828125 
   3328.00000000   57160.67578125 
   3329.00000000   72237.29687500 
   3330.00000000   86407.20312500 
   3331.00000000   99161.79687500 
   3332.00000000  108808.25000000 
   3333.00000000  113336.78906250 
   3334.00000000  111788.16406250 
   3335.00000000  103659.82812500 
   3336.00000000   89342.85156250 
   3337.00000000   70496.78125000 
   3338.00000000   49392.80078125 
   3339.00000000   28189.48242188 
   3340.00000000    8521.99804688 
   3341.00000000   -8448.12109375 
   3342.00000000  -22266.13867188 
   3343.00000000  -33263.51171875 
   3344.00000000  -41727.66406250 
   3345.00000000  -48032.58593750 
   3346.00000000  -52302.14843750 
   3347.00000000  -54326.50000000 
