       TWT             Trace      
       ms       
   2319.00000000  135824.75000000 
   2320.00000000  181355.81250000 
   2321.00000000  222580.95312500 
   2322.00000000  257456.54687500 
   2323.00000000  281862.40625000 
   2324.00000000  289520.28125000 
   2325.00000000  276700.28125000 
   2326.00000000  246246.18750000 
   2327.00000000  204356.56250000 
   2328.00000000  154855.93750000 
   2329.00000000   99734.19531250 
   2330.00000000   42641.33593750 
   2331.00000000  -11139.14941406 
   2332.00000000  -58227.01953125 
   2333.00000000  -97723.80468750 
   2334.00000000 -128784.89062500 
   2335.00000000 -149817.15625000 
   2336.00000000 -159758.64062500 
   2337.00000000 -159972.04687500 
   2338.00000000 -152309.76562500 
   2339.00000000 -136718.48437500 
   2340.00000000 -113161.71093750 
   2341.00000000  -83082.45312500 
   2342.00000000  -49906.94531250 
   2343.00000000  -17769.62695313 
   2344.00000000   11851.45507813 
   2345.00000000   36557.73046875 
   2346.00000000   53091.54687500 
   2347.00000000   60577.55468750 
   2348.00000000   59984.39843750 
   2349.00000000   52095.49218750 
   2350.00000000   37950.48828125 
   2351.00000000   18816.24023438 
   2352.00000000   -2770.17553711 
   2353.00000000  -24457.59765625 
   2354.00000000  -45396.60937500 
   2355.00000000  -64213.91796875 
   2356.00000000  -78814.85156250 
   2357.00000000  -87676.82031250 
   2358.00000000  -90581.88281250 
   2359.00000000  -88018.18750000 
   2360.00000000  -79651.75781250 
   2361.00000000  -65297.17968750 
   2362.00000000  -46252.66796875 
   2363.00000000  -24108.14453125 
   2364.00000000     804.65844727 
   2365.00000000   27915.33398438 
   2366.00000000   55215.59765625 
   2367.00000000   81696.85156250 
   2368.00000000  107163.73437500 
   2369.00000000  130898.28125000 
   2370.00000000  149943.65625000 
   2371.00000000  159735.51562500 
   2372.00000000  158561.82812500 
   2373.00000000  148279.64062500 
   2374.00000000  130127.20312500 
   2375.00000000  104622.75781250 
   2376.00000000   72801.75000000 
   2377.00000000   36544.56250000 
   2378.00000000    -475.82925415 
   2379.00000000  -37214.46875000 
   2380.00000000  -73707.92968750 
   2381.00000000 -107175.26562500 
   2382.00000000 -133759.26562500 
   2383.00000000 -151818.20312500 
   2384.00000000 -162252.71875000 
   2385.00000000 -165138.17187500 
   2386.00000000 -158695.07812500 
   2387.00000000 -142726.34375000 
   2388.00000000 -120229.10156250 
   2389.00000000  -94945.40625000 
   2390.00000000  -66897.79687500 
   2391.00000000  -35351.14843750 
   2392.00000000   -2620.88452148 
   2393.00000000   27665.47460938 
   2394.00000000   54215.41015625 
   2395.00000000   77610.13281250 
   2396.00000000   96138.17968750 
   2397.00000000  107055.42968750 
   2398.00000000  111121.45312500 
   2399.00000000  112541.64843750 
   2400.00000000  113955.35937500 
   2401.00000000  113221.13281250 
   2402.00000000  106880.42187500 
   2403.00000000   94175.12500000 
   2404.00000000   78769.14843750 
   2405.00000000   63498.99609375 
   2406.00000000   46472.17968750 
   2407.00000000   29282.40429688 
   2408.00000000   17651.66601563 
   2409.00000000   12902.80761719 
   2410.00000000   10669.79492188 
   2411.00000000    6694.92333984 
   2412.00000000     660.68994141 
   2413.00000000   -5399.68359375 
   2414.00000000  -11627.69726563 
   2415.00000000  -20752.01367188 
   2416.00000000  -32839.86328125 
   2417.00000000  -44672.42187500 
   2418.00000000  -53846.57812500 
   2419.00000000  -60833.53906250 
   2420.00000000  -66543.72656250 
   2421.00000000  -69345.16406250 
   2422.00000000  -67017.42968750 
   2423.00000000  -59270.35546875 
   2424.00000000  -47399.14843750 
   2425.00000000  -31995.04296875 
   2426.00000000  -12439.35644531 
   2427.00000000   10648.23828125 
   2428.00000000   34843.99218750 
   2429.00000000   58152.76562500 
   2430.00000000   81133.28906250 
   2431.00000000  104891.34375000 
   2432.00000000  126683.19531250 
   2433.00000000  142919.76562500 
   2434.00000000  151938.84375000 
   2435.00000000  151556.59375000 
   2436.00000000  141179.92187500 
   2437.00000000  121337.29687500 
   2438.00000000   93698.46093750 
   2439.00000000   61375.44921875 
   2440.00000000   26931.06250000 
   2441.00000000   -7554.80322266 
   2442.00000000  -37450.77734375 
   2443.00000000  -58124.74609375 
   2444.00000000  -68213.77343750 
   2445.00000000  -70526.78906250 
   2446.00000000  -69117.45312500 
   2447.00000000  -65856.95312500 
   2448.00000000  -59379.97265625 
   2449.00000000  -47497.84765625 
   2450.00000000  -31039.59375000 
   2451.00000000  -13037.40039063 
   2452.00000000    4425.24072266 
   2453.00000000   20810.43945313 
   2454.00000000   35742.08984375 
   2455.00000000   47117.47265625 
   2456.00000000   52044.43750000 
   2457.00000000   50884.30468750 
   2458.00000000   47066.62890625 
   2459.00000000   42576.96875000 
   2460.00000000   34871.16406250 
   2461.00000000   21949.88281250 
   2462.00000000    7068.90087891 
   2463.00000000   -4673.44042969 
   2464.00000000  -12349.15820313 
   2465.00000000  -18132.58203125 
   2466.00000000  -18091.88281250 
   2467.00000000   -3532.44287109 
   2468.00000000   26054.07617188 
   2469.00000000   58066.68359375 
   2470.00000000   79072.56250000 
   2471.00000000   89663.73437500 
   2472.00000000  101015.85156250 
   2473.00000000  118152.33593750 
   2474.00000000  138278.18750000 
   2475.00000000  158216.37500000 
   2476.00000000  176810.79687500 
   2477.00000000  191852.82812500 
   2478.00000000  196930.09375000 
   2479.00000000  187000.85937500 
   2480.00000000  163394.01562500 
   2481.00000000  127113.64062500 
   2482.00000000   77440.25000000 
   2483.00000000   13486.33886719 
   2484.00000000  -61845.10156250 
   2485.00000000 -143078.46875000 
   2486.00000000 -227410.18750000 
   2487.00000000 -313017.87500000 
   2488.00000000 -393201.87500000 
   2489.00000000 -458007.43750000 
   2490.00000000 -501139.03125000 
   2491.00000000 -519596.59375000 
   2492.00000000 -507589.09375000 
   2493.00000000 -462016.15625000 
   2494.00000000 -391429.75000000 
   2495.00000000 -312513.68750000 
   2496.00000000 -233177.84375000 
   2497.00000000 -145450.39062500 
   2498.00000000  -43047.89062500 
   2499.00000000   63986.37500000 
   2500.00000000  158844.03125000 
   2501.00000000  235220.04687500 
   2502.00000000  296542.75000000 
   2503.00000000  340093.12500000 
   2504.00000000  354017.81250000 
   2505.00000000  337401.09375000 
   2506.00000000  307475.90625000 
   2507.00000000  277863.21875000 
   2508.00000000  246627.25000000 
   2509.00000000  206170.89062500 
   2510.00000000  160443.39062500 
   2511.00000000  122518.00000000 
   2512.00000000   95210.76562500 
   2513.00000000   68595.10156250 
   2514.00000000   36075.16406250 
   2515.00000000    2874.12500000 
   2516.00000000  -24061.83398438 
   2517.00000000  -46921.13671875 
   2518.00000000  -69983.29687500 
   2519.00000000  -89981.69531250 
   2520.00000000 -101992.36718750 
   2521.00000000 -109140.55468750 
   2522.00000000 -119578.83593750 
   2523.00000000 -133883.54687500 
   2524.00000000 -143141.70312500 
   2525.00000000 -140887.60937500 
   2526.00000000 -129674.66406250 
   2527.00000000 -113246.00000000 
   2528.00000000  -89700.48437500 
   2529.00000000  -56973.07031250 
   2530.00000000  -19804.40039063 
   2531.00000000   15114.59277344 
   2532.00000000   46750.02343750 
   2533.00000000   74603.60937500 
   2534.00000000   93938.81250000 
   2535.00000000  101057.60156250 
   2536.00000000   97181.96875000 
   2537.00000000   89606.15625000 
   2538.00000000   82873.12500000 
   2539.00000000   72477.10937500 
   2540.00000000   55233.55078125 
   2541.00000000   37835.16406250 
   2542.00000000   29094.47656250 
   2543.00000000   28105.73437500 
   2544.00000000   26712.42382813 
   2545.00000000   21730.75195313 
   2546.00000000   18223.18945313 
   2547.00000000   20820.20703125 
   2548.00000000   29620.89843750 
   2549.00000000   44461.33593750 
   2550.00000000   67079.71093750 
   2551.00000000   96892.39843750 
   2552.00000000  126332.11718750 
   2553.00000000  147058.90625000 
   2554.00000000  159194.48437500 
   2555.00000000  169425.98437500 
   2556.00000000  180101.82812500 
   2557.00000000  184922.96875000 
   2558.00000000  175534.78125000 
   2559.00000000  150397.65625000 
   2560.00000000  116124.26562500 
   2561.00000000   80125.59375000 
   2562.00000000   43345.08984375 
   2563.00000000    2940.65673828 
   2564.00000000  -40793.07421875 
   2565.00000000  -85696.34375000 
   2566.00000000 -130493.88281250 
   2567.00000000 -174470.17187500 
   2568.00000000 -214207.71875000 
   2569.00000000 -241957.70312500 
   2570.00000000 -251871.85937500 
   2571.00000000 -246615.23437500 
   2572.00000000 -232534.70312500 
   2573.00000000 -213408.76562500 
   2574.00000000 -187739.75000000 
   2575.00000000 -154072.89062500 
   2576.00000000 -115677.42187500 
   2577.00000000  -78642.08593750 
   2578.00000000  -45357.32421875 
   2579.00000000  -13590.87792969 
   2580.00000000   16760.78320313 
   2581.00000000   42089.67968750 
   2582.00000000   60190.64453125 
   2583.00000000   73612.57812500 
   2584.00000000   85714.03906250 
   2585.00000000   96235.47656250 
   2586.00000000  102318.08593750 
   2587.00000000  102898.69531250 
   2588.00000000  100912.62500000 
   2589.00000000  100079.61718750 
   2590.00000000   99848.83593750 
   2591.00000000   95967.57812500 
   2592.00000000   86201.39843750 
   2593.00000000   72249.69531250 
   2594.00000000   56994.43359375 
   2595.00000000   40426.72656250 
   2596.00000000   20875.90820313 
   2597.00000000   -1302.01452637 
   2598.00000000  -23401.91015625 
   2599.00000000  -43802.46093750 
   2600.00000000  -63263.12109375 
   2601.00000000  -81997.79687500 
   2602.00000000  -96565.02343750 
   2603.00000000 -102608.50000000 
   2604.00000000 -100048.97656250 
   2605.00000000  -92124.07031250 
   2606.00000000  -81233.17187500 
   2607.00000000  -66557.15625000 
   2608.00000000  -47821.45312500 
   2609.00000000  -27515.18359375 
   2610.00000000   -8086.81103516 
   2611.00000000   10386.77246094 
   2612.00000000   31162.63281250 
   2613.00000000   53560.42187500 
   2614.00000000   72020.86718750 
   2615.00000000   82403.96875000 
   2616.00000000   85701.75781250 
   2617.00000000   84720.27343750 
   2618.00000000   79623.50000000 
   2619.00000000   69864.33593750 
   2620.00000000   56896.10156250 
   2621.00000000   42891.12890625 
   2622.00000000   29736.70117188 
   2623.00000000   17531.89062500 
   2624.00000000    5665.58251953 
   2625.00000000   -4260.53613281 
   2626.00000000  -11136.20019531 
   2627.00000000  -17331.87695313 
   2628.00000000  -26083.86328125 
   2629.00000000  -37455.44140625 
   2630.00000000  -48345.64062500 
   2631.00000000  -55308.66015625 
   2632.00000000  -56608.75781250 
   2633.00000000  -52422.73828125 
   2634.00000000  -44778.60937500 
   2635.00000000  -35532.03515625 
   2636.00000000  -24188.00585938 
   2637.00000000  -11219.54101563 
   2638.00000000     363.37927246 
   2639.00000000    7203.04199219 
   2640.00000000    7736.87988281 
   2641.00000000    2449.31616211 
   2642.00000000   -8239.72363281 
   2643.00000000  -23961.65429688 
   2644.00000000  -42630.86328125 
   2645.00000000  -61120.96875000 
   2646.00000000  -76930.27343750 
   2647.00000000  -90187.40625000 
   2648.00000000 -101360.89062500 
   2649.00000000 -108058.41406250 
   2650.00000000 -107570.84375000 
   2651.00000000 -100287.85937500 
   2652.00000000  -89344.90625000 
   2653.00000000  -76216.29687500 
   2654.00000000  -59140.91796875 
   2655.00000000  -37031.33593750 
   2656.00000000  -11937.06542969 
   2657.00000000   13002.87304688 
   2658.00000000   36017.97656250 
   2659.00000000   56093.60546875 
   2660.00000000   71008.29687500 
   2661.00000000   78401.53125000 
   2662.00000000   77886.74218750 
   2663.00000000   70109.53906250 
   2664.00000000   54241.29296875 
   2665.00000000   28863.23828125 
   2666.00000000   -6030.16699219 
   2667.00000000  -48974.42968750 
   2668.00000000  -98542.07031250 
   2669.00000000 -153152.67187500 
   2670.00000000 -207425.35937500 
   2671.00000000 -252556.39062500 
   2672.00000000 -282291.90625000 
   2673.00000000 -296417.03125000 
   2674.00000000 -296665.53125000 
   2675.00000000 -280417.71875000 
   2676.00000000 -242397.28125000 
   2677.00000000 -182925.28125000 
   2678.00000000 -107985.04687500 
   2679.00000000  -21284.73242188 
   2680.00000000   77866.86718750 
   2681.00000000  189047.34375000 
   2682.00000000  306288.65625000 
   2683.00000000  422700.28125000 
   2684.00000000  534727.75000000 
   2685.00000000  636463.25000000 
   2686.00000000  711663.06250000 
   2687.00000000  740114.56250000 
   2688.00000000  714194.25000000 
   2689.00000000  644314.25000000 
   2690.00000000  547872.81250000 
   2691.00000000  436264.37500000 
   2692.00000000  315260.62500000 
   2693.00000000  192086.54687500 
   2694.00000000   75078.79687500 
   2695.00000000  -31315.99023438 
   2696.00000000 -126736.06250000 
   2697.00000000 -208895.46875000 
   2698.00000000 -271420.65625000 
   2699.00000000 -309814.56250000 
   2700.00000000 -326003.50000000 
   2701.00000000 -325267.03125000 
   2702.00000000 -310436.75000000 
   2703.00000000 -282317.00000000 
   2704.00000000 -243569.89062500 
   2705.00000000 -199528.89062500 
   2706.00000000 -155109.90625000 
   2707.00000000 -113379.25000000 
   2708.00000000  -76730.35156250 
   2709.00000000  -47411.98828125 
   2710.00000000  -26727.84375000 
   2711.00000000  -13988.41992188 
   2712.00000000   -7169.09619141 
   2713.00000000   -3400.52832031 
   2714.00000000      33.30854034 
   2715.00000000    4292.55566406 
   2716.00000000    9579.59667969 
   2717.00000000   15730.88085938 
   2718.00000000   22605.72460938 
   2719.00000000   30507.02734375 
   2720.00000000   40090.01171875 
   2721.00000000   50688.36718750 
   2722.00000000   60348.39453125 
   2723.00000000   67066.46875000 
   2724.00000000   70358.78906250 
   2725.00000000   71339.55468750 
   2726.00000000   71200.14062500 
   2727.00000000   69900.90625000 
   2728.00000000   66518.85937500 
   2729.00000000   60402.83203125 
   2730.00000000   51077.99218750 
   2731.00000000   37530.95312500 
   2732.00000000   18535.20312500 
   2733.00000000   -5897.72705078 
   2734.00000000  -33454.78125000 
   2735.00000000  -61228.16796875 
   2736.00000000  -87627.00000000 
   2737.00000000 -111997.28906250 
   2738.00000000 -132754.85937500 
   2739.00000000 -146624.57812500 
   2740.00000000 -151325.03125000 
   2741.00000000 -147080.62500000 
   2742.00000000 -134745.29687500 
   2743.00000000 -114231.71875000 
   2744.00000000  -85176.34375000 
   2745.00000000  -48872.79296875 
   2746.00000000   -8541.87011719 
   2747.00000000   32003.54882813 
   2748.00000000   69459.03125000 
   2749.00000000   99684.70312500 
   2750.00000000  117123.89843750 
   2751.00000000  118616.21093750 
   2752.00000000  106430.25781250 
   2753.00000000   85892.39062500 
   2754.00000000   59643.26171875 
   2755.00000000   28663.22265625 
   2756.00000000   -5132.95898438 
   2757.00000000  -38345.82812500 
   2758.00000000  -67409.58593750 
   2759.00000000  -90362.12500000 
   2760.00000000 -106192.88281250 
   2761.00000000 -113514.22656250 
   2762.00000000 -111624.29687500 
   2763.00000000 -101200.75781250 
   2764.00000000  -84170.61718750 
   2765.00000000  -62568.64062500 
   2766.00000000  -36782.72656250 
   2767.00000000   -7520.15625000 
   2768.00000000   22031.40429688 
   2769.00000000   47731.24609375 
   2770.00000000   67071.89062500 
   2771.00000000   79889.89843750 
   2772.00000000   86438.64843750 
   2773.00000000   86751.17187500 
   2774.00000000   80763.63281250 
   2775.00000000   68593.39843750 
   2776.00000000   51908.20703125 
   2777.00000000   32215.67773438 
   2778.00000000   10240.76074219 
   2779.00000000  -12362.59472656 
   2780.00000000  -32471.48437500 
   2781.00000000  -47722.73828125 
   2782.00000000  -56860.71484375 
   2783.00000000  -60156.38281250 
   2784.00000000  -58677.48046875 
   2785.00000000  -53582.19531250 
   2786.00000000  -45884.19531250 
   2787.00000000  -37101.42187500 
   2788.00000000  -28574.32812500 
   2789.00000000  -21084.96093750 
   2790.00000000  -15038.15332031 
   2791.00000000  -10271.94433594 
   2792.00000000   -6993.41943359 
   2793.00000000   -5768.97753906 
   2794.00000000   -6459.77099609 
   2795.00000000   -7573.66748047 
   2796.00000000   -7660.90722656 
   2797.00000000   -7476.86474609 
   2798.00000000   -7921.37988281 
   2799.00000000   -7794.66162109 
   2800.00000000   -4485.12890625 
   2801.00000000    3123.30737305 
   2802.00000000   13903.92773438 
   2803.00000000   26378.32617188 
   2804.00000000   40195.14453125 
   2805.00000000   55675.89453125 
   2806.00000000   71346.61718750 
   2807.00000000   85393.93750000 
   2808.00000000   98358.12500000 
   2809.00000000  110186.10937500 
   2810.00000000  118750.25000000 
   2811.00000000  120242.25781250 
   2812.00000000  112985.98437500 
   2813.00000000   99453.22656250 
   2814.00000000   82224.67968750 
   2815.00000000   61099.00000000 
   2816.00000000   35578.39062500 
   2817.00000000    7201.30273438 
   2818.00000000  -21684.26171875 
   2819.00000000  -49408.34375000 
   2820.00000000  -75766.10156250 
   2821.00000000  -99568.21093750 
   2822.00000000 -117448.20312500 
   2823.00000000 -127813.02343750 
   2824.00000000 -132793.78125000 
   2825.00000000 -134579.92187500 
   2826.00000000 -132619.79687500 
   2827.00000000 -126074.46093750 
   2828.00000000 -114683.92187500 
   2829.00000000 -100273.34375000 
   2830.00000000  -83896.57812500 
   2831.00000000  -64661.44140625 
   2832.00000000  -43471.55078125 
   2833.00000000  -23377.30664063 
   2834.00000000   -7297.63769531 
   2835.00000000    3502.79101563 
   2836.00000000    7231.02832031 
   2837.00000000    1216.78198242 
   2838.00000000  -15817.99218750 
   2839.00000000  -43092.87890625 
   2840.00000000  -76975.43750000 
   2841.00000000 -110594.86718750 
   2842.00000000 -136935.62500000 
   2843.00000000 -151101.09375000 
   2844.00000000 -151242.06250000 
   2845.00000000 -138207.56250000 
   2846.00000000 -114509.35156250 
   2847.00000000  -82802.00000000 
   2848.00000000  -47054.52734375 
   2849.00000000  -11369.66015625 
   2850.00000000   23027.44531250 
   2851.00000000   56429.17578125 
   2852.00000000   88959.50000000 
   2853.00000000  118943.87500000 
   2854.00000000  144397.56250000 
   2855.00000000  164667.48437500 
   2856.00000000  179791.81250000 
   2857.00000000  189312.57812500 
   2858.00000000  192248.85937500 
   2859.00000000  186677.67187500 
   2860.00000000  172025.73437500 
   2861.00000000  148400.67187500 
   2862.00000000  119418.35937500 
   2863.00000000   89138.54687500 
   2864.00000000   57785.92187500 
   2865.00000000   21725.06835938 
   2866.00000000  -21330.54492188 
   2867.00000000  -67290.38281250 
   2868.00000000 -111309.52343750 
   2869.00000000 -151719.57812500 
   2870.00000000 -188721.57812500 
   2871.00000000 -222645.29687500 
   2872.00000000 -252095.01562500 
   2873.00000000 -277820.65625000 
   2874.00000000 -299743.40625000 
   2875.00000000 -311469.81250000 
   2876.00000000 -300995.84375000 
   2877.00000000 -261489.92187500 
   2878.00000000 -202817.65625000 
   2879.00000000 -141122.92187500 
   2880.00000000  -84138.48437500 
   2881.00000000  -30135.14843750 
   2882.00000000   24014.86718750 
   2883.00000000   75975.94531250 
   2884.00000000  122876.06250000 
   2885.00000000  165397.78125000 
   2886.00000000  202523.92187500 
   2887.00000000  227100.78125000 
   2888.00000000  230040.50000000 
   2889.00000000  214788.35937500 
   2890.00000000  193984.67187500 
   2891.00000000  172829.12500000 
   2892.00000000  149156.25000000 
   2893.00000000  120673.48437500 
   2894.00000000   91287.71093750 
   2895.00000000   67880.14843750 
   2896.00000000   49255.81640625 
   2897.00000000   32710.98437500 
   2898.00000000   19697.07812500 
   2899.00000000   14154.55859375 
   2900.00000000   15719.12695313 
   2901.00000000   18916.46484375 
   2902.00000000   20105.27734375 
   2903.00000000   18499.80664063 
   2904.00000000   15506.12402344 
   2905.00000000   10373.05371094 
   2906.00000000    5178.41503906 
   2907.00000000    3667.11840820 
   2908.00000000    6745.11914063 
   2909.00000000   14485.02343750 
   2910.00000000   24019.48437500 
   2911.00000000   30413.73242188 
   2912.00000000   27363.93359375 
   2913.00000000   11372.93261719 
   2914.00000000  -14982.07324219 
   2915.00000000  -46273.27734375 
   2916.00000000  -79894.75000000 
   2917.00000000 -121092.13281250 
   2918.00000000 -177973.34375000 
   2919.00000000 -256467.51562500 
   2920.00000000 -355044.15625000 
   2921.00000000 -462158.65625000 
   2922.00000000 -557160.00000000 
   2923.00000000 -618125.37500000 
   2924.00000000 -631247.68750000 
   2925.00000000 -594843.50000000 
   2926.00000000 -515038.62500000 
   2927.00000000 -394345.62500000 
   2928.00000000 -232278.62500000 
   2929.00000000  -37837.87109375 
   2930.00000000  169990.03125000 
   2931.00000000  376802.68750000 
   2932.00000000  572647.68750000 
   2933.00000000  743902.00000000 
   2934.00000000  877591.18750000 
   2935.00000000  967716.43750000 
   2936.00000000 1012064.37500000 
   2937.00000000  998015.43750000 
   2938.00000000  905066.93750000 
   2939.00000000  726503.62500000 
   2940.00000000  485743.87500000 
   2941.00000000  217391.93750000 
   2942.00000000  -56476.72656250 
   2943.00000000 -319363.81250000 
   2944.00000000 -540645.18750000 
   2945.00000000 -683284.25000000 
   2946.00000000 -732475.00000000 
   2947.00000000 -700665.75000000 
   2948.00000000 -603198.12500000 
   2949.00000000 -446476.81250000 
   2950.00000000 -249739.21875000 
   2951.00000000  -55757.88281250 
   2952.00000000  101463.78125000 
   2953.00000000  225820.10937500 
   2954.00000000  337083.65625000 
   2955.00000000  429439.28125000 
   2956.00000000  473189.03125000 
   2957.00000000  452924.84375000 
   2958.00000000  382736.18750000 
   2959.00000000  274418.09375000 
   2960.00000000  120185.47656250 
   2961.00000000  -77332.81250000 
   2962.00000000 -279989.31250000 
   2963.00000000 -438558.81250000 
   2964.00000000 -535799.18750000 
   2965.00000000 -586547.50000000 
   2966.00000000 -603276.87500000 
   2967.00000000 -581812.12500000 
   2968.00000000 -520747.59375000 
   2969.00000000 -435996.31250000 
   2970.00000000 -345117.65625000 
   2971.00000000 -250366.51562500 
   2972.00000000 -151040.42187500 
   2973.00000000  -59436.98828125 
   2974.00000000    9125.75000000 
   2975.00000000   55995.82421875 
   2976.00000000   95929.17187500 
   2977.00000000  137658.03125000 
   2978.00000000  175964.17187500 
   2979.00000000  203318.60937500 
   2980.00000000  219621.89062500 
   2981.00000000  225923.60937500 
   2982.00000000  220975.90625000 
   2983.00000000  206823.60937500 
   2984.00000000  190687.84375000 
   2985.00000000  175580.37500000 
   2986.00000000  154840.17187500 
   2987.00000000  121981.96875000 
   2988.00000000   81528.56250000 
   2989.00000000   42287.55078125 
   2990.00000000    7294.39160156 
   2991.00000000  -26906.08984375 
   2992.00000000  -56984.18750000 
   2993.00000000  -71031.37500000 
   2994.00000000  -61588.62890625 
   2995.00000000  -33575.33203125 
   2996.00000000    3572.38891602 
   2997.00000000   48826.16406250 
   2998.00000000  105391.67968750 
   2999.00000000  169837.18750000 
   3000.00000000  230521.78125000 
   3001.00000000  274179.06250000 
   3002.00000000  295787.15625000 
   3003.00000000  296625.93750000 
